University of Wollongong	
Serial Number : 10" panel new 2017	
Comments : Lab Cal CSIRO March 2018 	

	
Wavelength K-factor
350	1.01040321
351	1.010449937
352	1.010496637
353	1.010543284
354	1.010589852
355	1.010636313
356	1.010682641
357	1.01072881
358	1.010774794
359	1.010820565
360	1.010866097
361	1.010911363
362	1.010956338
363	1.011000994
364	1.011045305
365	1.011089244
366	1.011132785
367	1.011175902
368	1.011218567
369	1.011260754
370	1.011302437
371	1.011343589
372	1.011384184
373	1.011424194
374	1.011463594
375	1.011502357
376	1.011540456
377	1.011577865
378	1.011614558
379	1.011650507
380	1.011685686
381	1.011720069
382	1.011753629
383	1.011786339
384	1.011818173
385	1.011849105
386	1.011879108
387	1.011908155
388	1.01193622
389	1.011963276
390	1.011989297
391	1.012014256
392	1.012038127
393	1.012060883
394	1.012082497
395	1.012102943
396	1.012122195
397	1.012140225
398	1.012157008
399	1.012172517
400	1.012186725
401	1.012199618
402	1.012211232
403	1.012221615
404	1.012230816
405	1.012238881
406	1.012245861
407	1.012251802
408	1.012256754
409	1.012260764
410	1.01226388
411	1.012266151
412	1.012267624
413	1.012268349
414	1.012268373
415	1.012267744
416	1.012266511
417	1.012264722
418	1.012262424
419	1.012259667
420	1.012256498
421	1.012252966
422	1.012249119
423	1.012245004
424	1.012240671
425	1.012236167
426	1.01223154
427	1.012226839
428	1.012222113
429	1.012217408
430	1.012212773
431	1.012208257
432	1.012203908
433	1.012199774
434	1.012195902
435	1.012192342
436	1.012189142
437	1.012186349
438	1.012184011
439	1.012182178
440	1.012180897
441	1.012180217
442	1.012180185
443	1.01218085
444	1.01218226
445	1.012184463
446	1.012187508
447	1.012191442
448	1.012196314
449	1.012202172
450	1.012209064
451	1.012217024
452	1.012226028
453	1.01223604
454	1.012247021
455	1.012258934
456	1.01227174
457	1.012285403
458	1.012299885
459	1.012315147
460	1.012331153
461	1.012347864
462	1.012365243
463	1.012383252
464	1.012401854
465	1.012421011
466	1.012440684
467	1.012460838
468	1.012481433
469	1.012502432
470	1.012523797
471	1.012545492
472	1.012567477
473	1.012589716
474	1.01261217
475	1.012634803
476	1.012657576
477	1.012680451
478	1.012703392
479	1.01272636
480	1.012749317
481	1.012772227
482	1.012795051
483	1.012817751
484	1.01284029
485	1.012862631
486	1.012884735
487	1.012906565
488	1.012928083
489	1.012949252
490	1.012970034
491	1.01299039
492	1.013010285
493	1.013029679
494	1.013048535
495	1.013066816
496	1.013084483
497	1.013101499
498	1.013117827
499	1.013133429
500	1.013148267
501	1.013162312
502	1.013175577
503	1.013188081
504	1.013199845
505	1.01321089
506	1.013221236
507	1.013230903
508	1.013239913
509	1.013248285
510	1.013256041
511	1.013263201
512	1.013269785
513	1.013275814
514	1.013281308
515	1.013286289
516	1.013290776
517	1.01329479
518	1.013298352
519	1.013301482
520	1.013304201
521	1.013306529
522	1.013308488
523	1.013310096
524	1.013311376
525	1.013312347
526	1.01331303
527	1.013313446
528	1.013313615
529	1.013313558
530	1.013313295
531	1.013312847
532	1.013312234
533	1.013311477
534	1.013310597
535	1.013309614
536	1.013308548
537	1.01330742
538	1.013306251
539	1.013305061
540	1.013303871
541	1.013302702
542	1.013301573
543	1.013300505
544	1.01329952
545	1.013298637
546	1.013297877
547	1.01329726
548	1.013296808
549	1.013296541
550	1.013296478
551	1.013296637
552	1.013297014
553	1.013297603
554	1.013298394
555	1.013299382
556	1.013300559
557	1.013301916
558	1.013303448
559	1.013305146
560	1.013307003
561	1.013309012
562	1.013311165
563	1.013313455
564	1.013315874
565	1.013318415
566	1.01332107
567	1.013323833
568	1.013326695
569	1.013329649
570	1.013332689
571	1.013335805
572	1.013338992
573	1.013342242
574	1.013345546
575	1.013348898
576	1.013352291
577	1.013355716
578	1.013359167
579	1.013362636
580	1.013366116
581	1.013369599
582	1.013373077
583	1.013376544
584	1.013379993
585	1.013383414
586	1.013386802
587	1.013390148
588	1.013393446
589	1.013396688
590	1.013399866
591	1.013402973
592	1.013406002
593	1.013408945
594	1.013411794
595	1.013414543
596	1.013417184
597	1.01341971
598	1.013422113
599	1.013424385
600	1.01342652
601	1.013428511
602	1.013430358
603	1.013432062
604	1.013433624
605	1.013435045
606	1.013436328
607	1.013437471
608	1.013438478
609	1.013439348
610	1.013440084
611	1.013440685
612	1.013441154
613	1.013441491
614	1.013441698
615	1.013441775
616	1.013441724
617	1.013441546
618	1.013441242
619	1.013440813
620	1.013440261
621	1.013439586
622	1.013438789
623	1.013437873
624	1.013436837
625	1.013435682
626	1.013434411
627	1.013433025
628	1.013431523
629	1.013429908
630	1.01342818
631	1.013426342
632	1.013424393
633	1.013422335
634	1.013420169
635	1.013417896
636	1.013415518
637	1.013413035
638	1.013410449
639	1.01340776
640	1.01340497
641	1.013402081
642	1.013399092
643	1.013396006
644	1.013392823
645	1.013389544
646	1.013386171
647	1.013382705
648	1.013379147
649	1.013375498
650	1.013371759
651	1.013367932
652	1.013364019
653	1.013360024
654	1.01335595
655	1.013351801
656	1.013347579
657	1.013343289
658	1.013338932
659	1.013334514
660	1.013330036
661	1.013325503
662	1.013320917
663	1.013316282
664	1.013311601
665	1.013306878
666	1.013302115
667	1.013297316
668	1.013292485
669	1.013287624
670	1.013282737
671	1.013277827
672	1.013272898
673	1.013267952
674	1.013262994
675	1.013258026
676	1.013253051
677	1.013248074
678	1.013243097
679	1.013238123
680	1.013233157
681	1.0132282
682	1.013223257
683	1.01321833
684	1.013213424
685	1.013208541
686	1.013203685
687	1.013198858
688	1.013194065
689	1.013189308
690	1.013184592
691	1.013179918
692	1.013175291
693	1.013170713
694	1.013166188
695	1.01316172
696	1.013157311
697	1.013152965
698	1.013148686
699	1.013144476
700	1.013140338
701	1.013136276
702	1.013132287
703	1.01312837
704	1.013124523
705	1.013120742
706	1.013117026
707	1.013113373
708	1.013109779
709	1.013106244
710	1.013102764
711	1.013099337
712	1.013095962
713	1.013092635
714	1.013089355
715	1.013086119
716	1.013082925
717	1.01307977
718	1.013076653
719	1.013073571
720	1.013070523
721	1.013067504
722	1.013064514
723	1.01306155
724	1.01305861
725	1.013055691
726	1.013052792
727	1.013049909
728	1.013047041
729	1.013044186
730	1.01304134
731	1.013038503
732	1.013035671
733	1.013032842
734	1.013030015
735	1.013027186
736	1.013024353
737	1.013021515
738	1.013018669
739	1.013015812
740	1.013012943
741	1.013010059
742	1.013007158
743	1.013004237
744	1.013001295
745	1.012998328
746	1.012995336
747	1.012992314
748	1.012989262
749	1.012986177
750	1.012983057
751	1.0129799
752	1.012976711
753	1.012973496
754	1.01297026
755	1.012967008
756	1.012963747
757	1.012960482
758	1.012957219
759	1.012953963
760	1.012950719
761	1.012947494
762	1.012944293
763	1.012941121
764	1.012937985
765	1.012934889
766	1.01293184
767	1.012928843
768	1.012925903
769	1.012923027
770	1.012920219
771	1.012917486
772	1.012914832
773	1.012912265
774	1.012909788
775	1.012907408
776	1.012905131
777	1.012902962
778	1.012900906
779	1.012898969
780	1.012897157
781	1.012895476
782	1.01289393
783	1.012892527
784	1.01289127
785	1.012890166
786	1.012889221
787	1.012888439
788	1.012887827
789	1.01288739
790	1.012887135
791	1.012887065
792	1.012887188
793	1.012887508
794	1.012888031
795	1.012888763
796	1.01288971
797	1.012890876
798	1.012892268
799	1.012893892
800	1.012895752
801	1.012897852
802	1.012900184
803	1.012902738
804	1.012905505
805	1.012908472
806	1.012911632
807	1.012914973
808	1.012918485
809	1.012922158
810	1.012925982
811	1.012929947
812	1.012934043
813	1.012938259
814	1.012942585
815	1.012947011
816	1.012951527
817	1.012956123
818	1.012960788
819	1.012965513
820	1.012970287
821	1.0129751
822	1.012979943
823	1.012984803
824	1.012989673
825	1.012994541
826	1.012999397
827	1.013004231
828	1.013009033
829	1.013013793
830	1.0130185
831	1.013023145
832	1.013027717
833	1.013032207
834	1.013036603
835	1.013040896
836	1.013045075
837	1.013049131
838	1.013053053
839	1.013056831
840	1.013060456
841	1.013063915
842	1.013067201
843	1.013070302
844	1.013073208
845	1.013075909
846	1.013078396
847	1.013080657
848	1.013082682
849	1.013084462
850	1.013085986
851	1.013087247
852	1.013088248
853	1.013088995
854	1.013089493
855	1.013089748
856	1.013089767
857	1.013089554
858	1.013089117
859	1.013088459
860	1.013087589
861	1.01308651
862	1.013085229
863	1.013083752
864	1.013082085
865	1.013080233
866	1.013078202
867	1.013075998
868	1.013073627
869	1.013071095
870	1.013068407
871	1.013065569
872	1.013062587
873	1.013059468
874	1.013056215
875	1.013052837
876	1.013049337
877	1.013045723
878	1.013041999
879	1.013038172
880	1.013034248
881	1.013030232
882	1.01302613
883	1.013021948
884	1.013017692
885	1.013013367
886	1.013008979
887	1.013004535
888	1.01300004
889	1.012995499
890	1.012990919
891	1.012986305
892	1.012981664
893	1.012977
894	1.01297232
895	1.01296763
896	1.012962935
897	1.012958242
898	1.012953555
899	1.012948881
900	1.012944226
901	1.012939594
902	1.012934987
903	1.012930404
904	1.012925845
905	1.012921311
906	1.012916801
907	1.012912315
908	1.012907853
909	1.012903415
910	1.012899001
911	1.012894611
912	1.012890245
913	1.012885903
914	1.012881584
915	1.01287729
916	1.012873019
917	1.012868772
918	1.012864548
919	1.012860348
920	1.012856172
921	1.012852019
922	1.01284789
923	1.012843784
924	1.012839701
925	1.012835642
926	1.012831605
927	1.012827593
928	1.012823603
929	1.012819636
930	1.012815693
931	1.012811772
932	1.012807875
933	1.012804
934	1.012800148
935	1.01279632
936	1.012792513
937	1.01278873
938	1.012784969
939	1.012781232
940	1.012777516
941	1.012773823
942	1.012770153
943	1.012766505
944	1.01276288
945	1.012759277
946	1.012755696
947	1.012752138
948	1.012748601
949	1.012745087
950	1.012741595
951	1.012738126
952	1.012734679
953	1.012731255
954	1.012727855
955	1.01272448
956	1.01272113
957	1.012717805
958	1.012714507
959	1.012711236
960	1.012707992
961	1.012704776
962	1.012701589
963	1.012698431
964	1.012695303
965	1.012692206
966	1.01268914
967	1.012686105
968	1.012683103
969	1.012680133
970	1.012677197
971	1.012674295
972	1.012671428
973	1.012668596
974	1.012665801
975	1.012663041
976	1.012660319
977	1.012657634
978	1.012654988
979	1.01265238
980	1.012649812
981	1.012647284
982	1.012644797
983	1.012642351
984	1.012639948
985	1.012637586
986	1.012635268
987	1.012632993
988	1.012630763
989	1.012628577
990	1.012626437
991	1.012624343
992	1.012622296
993	1.012620296
994	1.012618344
995	1.012616441
996	1.012614587
997	1.012612782
998	1.012611028
999	1.012609324
1000	1.012607672
1001	1.012606072
1002	1.012604521
1003	1.012603016
1004	1.012601554
1005	1.012600134
1006	1.012598751
1007	1.012597403
1008	1.012596087
1009	1.012594801
1010	1.012593541
1011	1.012592304
1012	1.012591088
1013	1.01258989
1014	1.012588707
1015	1.012587536
1016	1.012586374
1017	1.012585218
1018	1.012584066
1019	1.012582915
1020	1.012581761
1021	1.012580603
1022	1.012579436
1023	1.012578259
1024	1.012577068
1025	1.012575861
1026	1.012574634
1027	1.012573385
1028	1.012572111
1029	1.012570809
1030	1.012569476
1031	1.012568109
1032	1.012566706
1033	1.012565264
1034	1.012563779
1035	1.01256225
1036	1.012560672
1037	1.012559044
1038	1.012557362
1039	1.012555623
1040	1.012553825
1041	1.012551965
1042	1.01255004
1043	1.012548047
1044	1.012545983
1045	1.012543845
1046	1.012541631
1047	1.012539337
1048	1.012536962
1049	1.012534501
1050	1.012531952
1051	1.012529314
1052	1.012526596
1053	1.012523807
1054	1.012520956
1055	1.012518055
1056	1.012515113
1057	1.012512139
1058	1.012509145
1059	1.012506139
1060	1.012503131
1061	1.012500133
1062	1.012497153
1063	1.012494202
1064	1.012491289
1065	1.012488424
1066	1.012485618
1067	1.01248288
1068	1.012480221
1069	1.01247765
1070	1.012475177
1071	1.012472812
1072	1.012470565
1073	1.012468446
1074	1.012466465
1075	1.012464632
1076	1.012462957
1077	1.01246145
1078	1.012460121
1079	1.012458979
1080	1.012458035
1081	1.012457298
1082	1.012456779
1083	1.012456488
1084	1.012456434
1085	1.012456627
1086	1.012457078
1087	1.012457796
1088	1.012458791
1089	1.012460073
1090	1.012461653
1091	1.012463539
1092	1.012465743
1093	1.012468273
1094	1.012471141
1095	1.012474355
1096	1.012477926
1097	1.012481864
1098	1.012486179
1099	1.01249088
1100	1.012495978
1101	1.012501475
1102	1.012507348
1103	1.012513566
1104	1.012520097
1105	1.012526911
1106	1.012533976
1107	1.012541262
1108	1.012548738
1109	1.012556372
1110	1.012564133
1111	1.012571991
1112	1.012579915
1113	1.012587874
1114	1.012595836
1115	1.01260377
1116	1.012611647
1117	1.012619434
1118	1.0126271
1119	1.012634615
1120	1.012641948
1121	1.012649068
1122	1.012655943
1123	1.012662543
1124	1.012668836
1125	1.012674792
1126	1.01268038
1127	1.012685569
1128	1.012690327
1129	1.012694624
1130	1.012698428
1131	1.01270171
1132	1.012704437
1133	1.012706579
1134	1.012708104
1135	1.012708982
1136	1.012709182
1137	1.012708673
1138	1.012707423
1139	1.012705403
1140	1.012702579
1141	1.012698923
1142	1.012694403
1143	1.012688987
1144	1.012682645
1145	1.012675346
1146	1.012667058
1147	1.012657752
1148	1.012647395
1149	1.012635957
1150	1.012623407
1151	1.012609726
1152	1.012594946
1153	1.012579109
1154	1.01256226
1155	1.012544441
1156	1.012525698
1157	1.012506072
1158	1.012485608
1159	1.012464349
1160	1.012442339
1161	1.012419621
1162	1.012396238
1163	1.012372235
1164	1.012347655
1165	1.012322542
1166	1.012296938
1167	1.012270887
1168	1.012244434
1169	1.012217621
1170	1.012190492
1171	1.012163091
1172	1.012135461
1173	1.012107645
1174	1.012079688
1175	1.012051633
1176	1.012023522
1177	1.011995401
1178	1.011967312
1179	1.011939299
1180	1.011911406
1181	1.011883675
1182	1.011856151
1183	1.011828877
1184	1.011801897
1185	1.011775254
1186	1.011748992
1187	1.011723153
1188	1.011697783
1189	1.011672924
1190	1.01164862
1191	1.011624914
1192	1.01160185
1193	1.011579471
1194	1.011557822
1195	1.011536945
1196	1.011516884
1197	1.011497683
1198	1.011479385
1199	1.011462034
1200	1.011445673
1201	1.011430332
1202	1.01141599
1203	1.011402612
1204	1.011390161
1205	1.011378603
1206	1.011367902
1207	1.011358023
1208	1.011348931
1209	1.01134059
1210	1.011332965
1211	1.011326021
1212	1.011319723
1213	1.011314035
1214	1.011308922
1215	1.011304349
1216	1.01130028
1217	1.01129668
1218	1.011293514
1219	1.011290746
1220	1.011288342
1221	1.011286265
1222	1.011284481
1223	1.011282954
1224	1.01128165
1225	1.011280532
1226	1.011279565
1227	1.011278715
1228	1.011277945
1229	1.011277221
1230	1.011276507
1231	1.011275769
1232	1.011274969
1233	1.011274075
1234	1.011273049
1235	1.011271857
1236	1.011270463
1237	1.011268833
1238	1.01126693
1239	1.01126472
1240	1.011262168
1241	1.011259237
1242	1.011255893
1243	1.011252101
1244	1.011247824
1245	1.011243029
1246	1.011237679
1247	1.011231739
1248	1.011225174
1249	1.011217949
1250	1.011210028
1251	1.011201385
1252	1.011192031
1253	1.011181984
1254	1.011171263
1255	1.011159888
1256	1.011147879
1257	1.011135253
1258	1.01112203
1259	1.01110823
1260	1.011093872
1261	1.011078975
1262	1.011063557
1263	1.011047639
1264	1.011031239
1265	1.011014376
1266	1.01099707
1267	1.010979341
1268	1.010961206
1269	1.010942685
1270	1.010923798
1271	1.010904563
1272	1.010885
1273	1.010865128
1274	1.010844967
1275	1.010824534
1276	1.01080385
1277	1.010782933
1278	1.010761804
1279	1.01074048
1280	1.010718982
1281	1.010697328
1282	1.010675537
1283	1.010653629
1284	1.010631623
1285	1.010609538
1286	1.010587393
1287	1.010565208
1288	1.010543001
1289	1.010520792
1290	1.0104986
1291	1.010476444
1292	1.010454344
1293	1.010432317
1294	1.010410385
1295	1.010388565
1296	1.010366877
1297	1.010345341
1298	1.010323975
1299	1.010302798
1300	1.01028183
1301	1.010261086
1302	1.010240564
1303	1.010220261
1304	1.010200171
1305	1.010180288
1306	1.010160609
1307	1.010141127
1308	1.010121839
1309	1.010102739
1310	1.010083822
1311	1.010065083
1312	1.010046517
1313	1.010028119
1314	1.010009885
1315	1.009991809
1316	1.009973886
1317	1.009956111
1318	1.009938479
1319	1.009920986
1320	1.009903627
1321	1.009886395
1322	1.009869287
1323	1.009852298
1324	1.009835422
1325	1.009818654
1326	1.00980199
1327	1.009785425
1328	1.009768953
1329	1.009752569
1330	1.00973627
1331	1.009720049
1332	1.009703901
1333	1.009687822
1334	1.009671807
1335	1.009655851
1336	1.009639948
1337	1.009624095
1338	1.009608285
1339	1.009592514
1340	1.009576776
1341	1.009561068
1342	1.009545384
1343	1.009529718
1344	1.009514067
1345	1.009498424
1346	1.009482786
1347	1.009467146
1348	1.009451501
1349	1.009435844
1350	1.009420172
1351	1.009404484
1352	1.009388796
1353	1.009373131
1354	1.00935751
1355	1.009341956
1356	1.009326489
1357	1.009311132
1358	1.009295907
1359	1.009280834
1360	1.009265937
1361	1.009251236
1362	1.009236754
1363	1.009222512
1364	1.009208532
1365	1.009194836
1366	1.009181445
1367	1.009168381
1368	1.009155667
1369	1.009143323
1370	1.009131371
1371	1.009119834
1372	1.009108733
1373	1.009098089
1374	1.009087925
1375	1.009078263
1376	1.009069123
1377	1.009060528
1378	1.0090525
1379	1.00904506
1380	1.00903823
1381	1.009032031
1382	1.009026487
1383	1.009021617
1384	1.009017445
1385	1.009013991
1386	1.009011278
1387	1.009009328
1388	1.009008161
1389	1.0090078
1390	1.009008267
1391	1.009009583
1392	1.00901177
1393	1.009014851
1394	1.009018845
1395	1.009023776
1396	1.009029666
1397	1.009036535
1398	1.009044405
1399	1.009053299
1400	1.009063239
1401	1.009074234
1402	1.009086257
1403	1.009099266
1404	1.009113222
1405	1.009128085
1406	1.009143814
1407	1.00916037
1408	1.009177711
1409	1.0091958
1410	1.009214594
1411	1.009234055
1412	1.009254141
1413	1.009274814
1414	1.009296033
1415	1.009317757
1416	1.009339947
1417	1.009362563
1418	1.009385565
1419	1.009408912
1420	1.009432565
1421	1.009456483
1422	1.009480626
1423	1.009504955
1424	1.009529428
1425	1.009554007
1426	1.009578651
1427	1.00960332
1428	1.009627974
1429	1.009652573
1430	1.009677076
1431	1.009701444
1432	1.009725637
1433	1.009749614
1434	1.009773335
1435	1.009796761
1436	1.009819851
1437	1.009842566
1438	1.009864865
1439	1.009886707
1440	1.009908054
1441	1.009928865
1442	1.009949099
1443	1.009968717
1444	1.009987679
1445	1.010005945
1446	1.010023474
1447	1.010040227
1448	1.010056163
1449	1.010071242
1450	1.010085425
1451	1.010098681
1452	1.010111026
1453	1.010122482
1454	1.010133074
1455	1.010142828
1456	1.010151766
1457	1.010159914
1458	1.010167297
1459	1.010173937
1460	1.010179861
1461	1.010185091
1462	1.010189654
1463	1.010193572
1464	1.010196871
1465	1.010199575
1466	1.010201708
1467	1.010203294
1468	1.010204359
1469	1.010204926
1470	1.01020502
1471	1.010204666
1472	1.010203887
1473	1.010202708
1474	1.010201153
1475	1.010199248
1476	1.010197015
1477	1.010194481
1478	1.010191669
1479	1.010188603
1480	1.010185308
1481	1.010181808
1482	1.010178128
1483	1.010174293
1484	1.010170325
1485	1.010166251
1486	1.010162094
1487	1.010157879
1488	1.01015363
1489	1.010149372
1490	1.010145128
1491	1.010140924
1492	1.010136784
1493	1.010132732
1494	1.010128793
1495	1.01012499
1496	1.010121349
1497	1.010117894
1498	1.010114649
1499	1.010111638
1500	1.010108887
1501	1.010106414
1502	1.010104217
1503	1.010102291
1504	1.010100627
1505	1.010099221
1506	1.010098064
1507	1.01009715
1508	1.010096472
1509	1.010096024
1510	1.0100958
1511	1.010095791
1512	1.010095992
1513	1.010096395
1514	1.010096995
1515	1.010097784
1516	1.010098755
1517	1.010099902
1518	1.010101219
1519	1.010102698
1520	1.010104332
1521	1.010106116
1522	1.010108041
1523	1.010110103
1524	1.010112293
1525	1.010114605
1526	1.010117032
1527	1.010119569
1528	1.010122207
1529	1.01012494
1530	1.010127762
1531	1.010130665
1532	1.010133643
1533	1.01013669
1534	1.010139798
1535	1.010142962
1536	1.010146173
1537	1.010149426
1538	1.010152713
1539	1.010156028
1540	1.010159365
1541	1.010162716
1542	1.010166075
1543	1.010169435
1544	1.010172789
1545	1.010176131
1546	1.010179454
1547	1.010182751
1548	1.010186015
1549	1.01018924
1550	1.010192419
1551	1.010195545
1552	1.010198603
1553	1.010201582
1554	1.010204466
1555	1.010207242
1556	1.010209896
1557	1.010212415
1558	1.010214784
1559	1.010216989
1560	1.010219018
1561	1.010220855
1562	1.010222488
1563	1.010223902
1564	1.010225083
1565	1.010226018
1566	1.010226693
1567	1.010227094
1568	1.010227207
1569	1.010227018
1570	1.010226514
1571	1.01022568
1572	1.010224503
1573	1.01022297
1574	1.010221065
1575	1.010218776
1576	1.010216089
1577	1.010212989
1578	1.010209463
1579	1.010205497
1580	1.010201077
1581	1.010196189
1582	1.01019082
1583	1.010184956
1584	1.010178583
1585	1.010171686
1586	1.010164253
1587	1.010156269
1588	1.010147721
1589	1.010138595
1590	1.010128876
1591	1.010118552
1592	1.010107607
1593	1.010096029
1594	1.010083804
1595	1.010070918
1596	1.010057356
1597	1.010043105
1598	1.010028152
1599	1.010012482
1600	1.009996082
1601	1.009978941
1602	1.009961071
1603	1.009942483
1604	1.009923192
1605	1.009903212
1606	1.009882555
1607	1.009861237
1608	1.009839269
1609	1.009816667
1610	1.009793443
1611	1.009769611
1612	1.009745186
1613	1.00972018
1614	1.009694607
1615	1.009668481
1616	1.009641816
1617	1.009614625
1618	1.009586922
1619	1.00955872
1620	1.009530034
1621	1.009500876
1622	1.009471261
1623	1.009441203
1624	1.009410713
1625	1.009379808
1626	1.009348499
1627	1.009316801
1628	1.009284728
1629	1.009252293
1630	1.009219509
1631	1.009186391
1632	1.009152952
1633	1.009119206
1634	1.009085166
1635	1.009050846
1636	1.009016259
1637	1.00898142
1638	1.008946342
1639	1.008911039
1640	1.008875524
1641	1.00883981
1642	1.008803913
1643	1.008767844
1644	1.008731619
1645	1.00869525
1646	1.008658751
1647	1.008622136
1648	1.008585419
1649	1.008548612
1650	1.008511731
1651	1.008474789
1652	1.008437806
1653	1.0084008
1654	1.008363793
1655	1.008326804
1656	1.008289853
1657	1.00825296
1658	1.008216145
1659	1.008179428
1660	1.008142828
1661	1.008106366
1662	1.008070061
1663	1.008033933
1664	1.007998003
1665	1.00796229
1666	1.007926813
1667	1.007891594
1668	1.007856652
1669	1.007822006
1670	1.007787678
1671	1.007753685
1672	1.007720049
1673	1.00768679
1674	1.007653927
1675	1.00762148
1676	1.007589469
1677	1.007557914
1678	1.007526835
1679	1.007496252
1680	1.007466185
1681	1.007436653
1682	1.007407677
1683	1.007379276
1684	1.00735147
1685	1.00732428
1686	1.007297725
1687	1.007271825
1688	1.0072466
1689	1.007222069
1690	1.007198254
1691	1.007175173
1692	1.007152847
1693	1.007131295
1694	1.007110538
1695	1.007090595
1696	1.007071486
1697	1.007053231
1698	1.00703585
1699	1.007019363
1700	1.00700379
1701	1.006989146
1702	1.006975425
1703	1.006962616
1704	1.006950709
1705	1.006939693
1706	1.006929557
1707	1.006920292
1708	1.006911886
1709	1.006904328
1710	1.006897609
1711	1.006891717
1712	1.006886641
1713	1.006882372
1714	1.006878898
1715	1.006876209
1716	1.006874294
1717	1.006873143
1718	1.006872745
1719	1.006873089
1720	1.006874165
1721	1.006875961
1722	1.006878469
1723	1.006881675
1724	1.006885571
1725	1.006890146
1726	1.006895388
1727	1.006901288
1728	1.006907834
1729	1.006915016
1730	1.006922824
1731	1.006931246
1732	1.006940272
1733	1.006949892
1734	1.006960094
1735	1.006970869
1736	1.006982205
1737	1.006994092
1738	1.007006519
1739	1.007019476
1740	1.007032952
1741	1.007046936
1742	1.007061418
1743	1.007076387
1744	1.007091833
1745	1.007107744
1746	1.00712411
1747	1.007140921
1748	1.007158166
1749	1.007175834
1750	1.007193915
1751	1.007212387
1752	1.007231191
1753	1.007250253
1754	1.007269502
1755	1.007288868
1756	1.007308277
1757	1.00732766
1758	1.007346944
1759	1.007366058
1760	1.007384931
1761	1.00740349
1762	1.007421665
1763	1.007439383
1764	1.007456574
1765	1.007473165
1766	1.007489086
1767	1.007504265
1768	1.007518629
1769	1.007532109
1770	1.007544631
1771	1.007556126
1772	1.00756652
1773	1.007575743
1774	1.007583724
1775	1.007590389
1776	1.007595669
1777	1.007599492
1778	1.007601786
1779	1.007602479
1780	1.0076015
1781	1.007598778
1782	1.007594241
1783	1.007587817
1784	1.007579435
1785	1.007569024
1786	1.007556512
1787	1.007541827
1788	1.007524898
1789	1.007505653
1790	1.007484021
1791	1.007459931
1792	1.00743331
1793	1.007404088
1794	1.007372193
1795	1.007337553
1796	1.007300096
1797	1.007259752
1798	1.007216449
1799	1.007170115
1800	1.007120679
1801	1.007068099
1802	1.00701246
1803	1.006953872
1804	1.006892451
1805	1.006828309
1806	1.00676156
1807	1.006692316
1808	1.006620691
1809	1.006546799
1810	1.006470752
1811	1.006392664
1812	1.006312647
1813	1.006230816
1814	1.006147284
1815	1.006062163
1816	1.005975568
1817	1.00588761
1818	1.005798405
1819	1.005708064
1820	1.005616701
1821	1.005524429
1822	1.005431362
1823	1.005337613
1824	1.005243295
1825	1.005148521
1826	1.005053405
1827	1.00495806
1828	1.004862599
1829	1.004767135
1830	1.004671781
1831	1.004576652
1832	1.00448186
1833	1.004387518
1834	1.00429374
1835	1.004200638
1836	1.004108327
1837	1.00401692
1838	1.003926528
1839	1.003837267
1840	1.003749249
1841	1.003662588
1842	1.003577396
1843	1.003493787
1844	1.003411874
1845	1.003331771
1846	1.00325359
1847	1.003177445
1848	1.00310345
1849	1.003031717
1850	1.00296236
1851	1.002895463
1852	1.002831
1853	1.002768916
1854	1.002709153
1855	1.002651658
1856	1.002596375
1857	1.002543248
1858	1.002492222
1859	1.002443241
1860	1.00239625
1861	1.002351194
1862	1.002308016
1863	1.002266662
1864	1.002227076
1865	1.002189203
1866	1.002152987
1867	1.002118373
1868	1.002085305
1869	1.002053728
1870	1.002023586
1871	1.001994824
1872	1.001967387
1873	1.001941218
1874	1.001916263
1875	1.001892466
1876	1.001869772
1877	1.001848125
1878	1.00182747
1879	1.001807751
1880	1.001788913
1881	1.001770901
1882	1.001753658
1883	1.00173713
1884	1.001721261
1885	1.001705995
1886	1.001691277
1887	1.001677053
1888	1.001663265
1889	1.001649859
1890	1.001636779
1891	1.001623971
1892	1.001611377
1893	1.001598944
1894	1.001586615
1895	1.001574335
1896	1.001562049
1897	1.001549701
1898	1.001537236
1899	1.001524597
1900	1.001511731
1901	1.001498587
1902	1.001485142
1903	1.001471377
1904	1.001457276
1905	1.00144282
1906	1.001427991
1907	1.001412772
1908	1.001397146
1909	1.001381093
1910	1.001364597
1911	1.00134764
1912	1.001330204
1913	1.00131227
1914	1.001293823
1915	1.001274843
1916	1.001255313
1917	1.001235215
1918	1.001214532
1919	1.001193245
1920	1.001171338
1921	1.001148791
1922	1.001125588
1923	1.00110171
1924	1.001077141
1925	1.001051861
1926	1.001025854
1927	1.000999102
1928	1.000971586
1929	1.000943289
1930	1.000914194
1931	1.000884283
1932	1.000853537
1933	1.000821939
1934	1.000789472
1935	1.000756117
1936	1.000721857
1937	1.000686674
1938	1.00065055
1939	1.000613468
1940	1.00057541
1941	1.000536357
1942	1.000496293
1943	1.000455199
1944	1.000413058
1945	1.000369852
1946	1.000325563
1947	1.000280174
1948	1.000233667
1949	1.000186023
1950	1.000137225
1951	1.000087249
1952	1.00003604
1953	0.999983537
1954	0.999929678
1955	0.999874402
1956	0.999817649
1957	0.999759356
1958	0.999699463
1959	0.999637908
1960	0.99957463
1961	0.999509567
1962	0.999442659
1963	0.999373844
1964	0.999303061
1965	0.999230248
1966	0.999155344
1967	0.999078288
1968	0.998999019
1969	0.998917476
1970	0.998833596
1971	0.998747319
1972	0.998658584
1973	0.998567329
1974	0.998473493
1975	0.998377014
1976	0.998277832
1977	0.998175885
1978	0.998071112
1979	0.997963452
1980	0.997852842
1981	0.997739223
1982	0.997622532
1983	0.997502709
1984	0.997379692
1985	0.99725342
1986	0.997123832
1987	0.996990865
1988	0.99685446
1989	0.996714555
1990	0.996571088
1991	0.996423998
1992	0.996273224
1993	0.996118704
1994	0.995960378
1995	0.995798185
1996	0.995632061
1997	0.995461948
1998	0.995287782
1999	0.995109504
2000	0.994927051
2001	0.994740399
2002	0.994549669
2003	0.994355018
2004	0.994156604
2005	0.993954585
2006	0.993749117
2007	0.993540359
2008	0.993328468
2009	0.993113602
2010	0.992895917
2011	0.992675573
2012	0.992452725
2013	0.992227532
2014	0.992000151
2015	0.991770739
2016	0.991539455
2017	0.991306456
2018	0.991071899
2019	0.990835941
2020	0.990598741
2021	0.990360455
2022	0.990121242
2023	0.989881259
2024	0.989640662
2025	0.989399611
2026	0.989158262
2027	0.988916773
2028	0.988675302
2029	0.988434005
2030	0.988193041
2031	0.987952566
2032	0.98771274
2033	0.987473718
2034	0.987235659
2035	0.98699872
2036	0.986763058
2037	0.986528831
2038	0.986296197
2039	0.986065314
2040	0.985836338
2041	0.985609427
2042	0.985384738
2043	0.98516243
2044	0.98494266
2045	0.984725585
2046	0.984511362
2047	0.98430015
2048	0.984092106
2049	0.983887387
2050	0.983686151
2051	0.983488508
2052	0.983294375
2053	0.983103624
2054	0.982916124
2055	0.982731748
2056	0.982550364
2057	0.982371844
2058	0.982196057
2059	0.982022876
2060	0.981852169
2061	0.981683808
2062	0.981517663
2063	0.981353605
2064	0.981191504
2065	0.981031231
2066	0.980872656
2067	0.980715649
2068	0.980560082
2069	0.980405825
2070	0.980252748
2071	0.980100722
2072	0.979949618
2073	0.979799305
2074	0.979649655
2075	0.979500538
2076	0.979351824
2077	0.979203384
2078	0.979055089
2079	0.978906809
2080	0.978758414
2081	0.978609775
2082	0.978460764
2083	0.978311249
2084	0.978161102
2085	0.978010193
2086	0.977858393
2087	0.977705572
2088	0.977551601
2089	0.97739635
2090	0.97723969
2091	0.977081492
2092	0.976921625
2093	0.976759961
2094	0.976596369
2095	0.976430721
2096	0.976262888
2097	0.976092738
2098	0.975920144
2099	0.975744975
2100	0.975567102
2101	0.97538648
2102	0.975203402
2103	0.975018245
2104	0.974831387
2105	0.974643203
2106	0.974454073
2107	0.974264372
2108	0.974074478
2109	0.973884768
2110	0.973695619
2111	0.973507409
2112	0.973320515
2113	0.973135314
2114	0.972952183
2115	0.9727715
2116	0.972593641
2117	0.972418983
2118	0.972247905
2119	0.972080783
2120	0.971917994
2121	0.971759916
2122	0.971606925
2123	0.9714594
2124	0.971317716
2125	0.971182252
2126	0.971053385
2127	0.970931491
2128	0.970816948
2129	0.970710134
2130	0.970611424
2131	0.970521197
2132	0.97043983
2133	0.9703677
2134	0.970305184
2135	0.970252659
2136	0.970210503
2137	0.970179092
2138	0.970158804
2139	0.970150017
2140	0.970153107
2141	0.970168451
2142	0.970196427
2143	0.970237412
2144	0.970291783
2145	0.970359917
2146	0.970442192
2147	0.970538984
2148	0.970650671
2149	0.970777631
2150	0.970920239
2151	0.971078716
2152	0.971252649
2153	0.971441467
2154	0.971644599
2155	0.971861475
2156	0.972091523
2157	0.972334173
2158	0.972588855
2159	0.972854997
2160	0.973132029
2161	0.97341938
2162	0.973716479
2163	0.974022755
2164	0.974337639
2165	0.974660558
2166	0.974990943
2167	0.975328222
2168	0.975671825
2169	0.976021181
2170	0.976375719
2171	0.976734869
2172	0.97709806
2173	0.97746472
2174	0.97783428
2175	0.978206169
2176	0.978579815
2177	0.978954649
2178	0.979330098
2179	0.979705594
2180	0.980080564
2181	0.980454438
2182	0.980826646
2183	0.981196616
2184	0.981563778
2185	0.981927561
2186	0.982287394
2187	0.982642707
2188	0.982992929
2189	0.983337489
2190	0.983675816
2191	0.98400734
2192	0.98433149
2193	0.984647694
2194	0.984955384
2195	0.985253986
2196	0.985542932
2197	0.98582165
2198	0.986089569
2199	0.986346119
2200	0.986590729
2201	0.986822962
2202	0.987042917
2203	0.987250829
2204	0.98744693
2205	0.987631455
2206	0.987804636
2207	0.987966708
2208	0.988117903
2209	0.988258456
2210	0.988388599
2211	0.988508566
2212	0.988618592
2213	0.988718908
2214	0.98880975
2215	0.988891349
2216	0.988963941
2217	0.989027758
2218	0.989083033
2219	0.989130001
2220	0.989168895
2221	0.989199949
2222	0.989223395
2223	0.989239467
2224	0.9892484
2225	0.989250426
2226	0.989245779
2227	0.989234692
2228	0.9892174
2229	0.989194134
2230	0.98916513
2231	0.989130621
2232	0.989090839
2233	0.989046019
2234	0.988996394
2235	0.988942197
2236	0.988883663
2237	0.988821024
2238	0.988754514
2239	0.988684367
2240	0.988610816
2241	0.988534095
2242	0.988454437
2243	0.988372075
2244	0.988287244
2245	0.988200176
2246	0.988111105
2247	0.988020265
2248	0.98792789
2249	0.987834212
2250	0.987739465
2251	0.987643839
2252	0.987547341
2253	0.987449936
2254	0.987351589
2255	0.987252264
2256	0.987151924
2257	0.987050535
2258	0.98694806
2259	0.986844464
2260	0.98673971
2261	0.986633764
2262	0.986526589
2263	0.98641815
2264	0.98630841
2265	0.986197334
2266	0.986084887
2267	0.985971032
2268	0.985855734
2269	0.985738957
2270	0.985620665
2271	0.985500823
2272	0.985379394
2273	0.985256343
2274	0.985131635
2275	0.985005233
2276	0.984877101
2277	0.984747204
2278	0.984615506
2279	0.984481972
2280	0.984346565
2281	0.98420925
2282	0.984069991
2283	0.983928752
2284	0.983785498
2285	0.983640192
2286	0.9834928
2287	0.983343285
2288	0.983191611
2289	0.983037742
2290	0.982881644
2291	0.98272328
2292	0.982562614
2293	0.982399611
2294	0.982234234
2295	0.982066449
2296	0.981896219
2297	0.981723509
2298	0.981548282
2299	0.981370503
2300	0.981190137
2301	0.981007175
2302	0.980821722
2303	0.98063391
2304	0.980443873
2305	0.980251741
2306	0.980057649
2307	0.979861727
2308	0.979664109
2309	0.979464928
2310	0.979264315
2311	0.979062403
2312	0.978859324
2313	0.978655212
2314	0.978450197
2315	0.978244414
2316	0.978037994
2317	0.97783107
2318	0.977623774
2319	0.977416239
2320	0.977208596
2321	0.97700098
2322	0.976793521
2323	0.976586353
2324	0.976379608
2325	0.976173419
2326	0.975967917
2327	0.975763236
2328	0.975559507
2329	0.975356863
2330	0.975155438
2331	0.974955362
2332	0.974756769
2333	0.974559791
2334	0.974364561
2335	0.974171211
2336	0.973979873
2337	0.97379068
2338	0.973603764
2339	0.973419258
2340	0.973237294
2341	0.973058005
2342	0.972881523
2343	0.972707981
2344	0.972537511
2345	0.972370245
2346	0.972206317
2347	0.972045857
2348	0.971889
2349	0.971735877
2350	0.971586621
2351	0.97144133
2352	0.971299966
2353	0.971162457
2354	0.97102873
2355	0.970898714
2356	0.970772335
2357	0.970649522
2358	0.970530203
2359	0.970414305
2360	0.970301756
2361	0.970192484
2362	0.970086416
2363	0.96998348
2364	0.969883605
2365	0.969786717
2366	0.969692744
2367	0.969601615
2368	0.969513257
2369	0.969427597
2370	0.969344564
2371	0.969264085
2372	0.969186088
2373	0.969110501
2374	0.969037251
2375	0.968966266
2376	0.968897474
2377	0.968830803
2378	0.96876618
2379	0.968703534
2380	0.968642791
2381	0.96858388
2382	0.968526729
2383	0.968471264
2384	0.968417415
2385	0.968365108
2386	0.968314272
2387	0.968264834
2388	0.968216721
2389	0.968169862
2390	0.968124185
2391	0.968079617
2392	0.968036085
2393	0.967993519
2394	0.967951844
2395	0.96791099
2396	0.967870884
2397	0.967831453
2398	0.967792625
2399	0.967754329
2400	0.967716492
2401	0.967679054
2402	0.967642009
2403	0.967605364
2404	0.967569125
2405	0.967533299
2406	0.967497892
2407	0.967462911
2408	0.967428361
2409	0.967394251
2410	0.967360585
2411	0.967327372
2412	0.967294616
2413	0.967262325
2414	0.967230506
2415	0.967199164
2416	0.967168306
2417	0.96713794
2418	0.96710807
2419	0.967078704
2420	0.967049849
2421	0.96702151
2422	0.966993695
2423	0.966966409
2424	0.96693966
2425	0.966913454
2426	0.966887797
2427	0.966862695
2428	0.966838157
2429	0.966814187
2430	0.966790792
2431	0.96676798
2432	0.966745755
2433	0.966724126
2434	0.966703098
2435	0.966682678
2436	0.966662873
2437	0.966643688
2438	0.966625131
2439	0.966607208
2440	0.966589926
2441	0.96657329
2442	0.966557308
2443	0.966541986
2444	0.966527331
2445	0.966513348
2446	0.966500046
2447	0.966487429
2448	0.966475504
2449	0.966464279
2450	0.96645376
2451	0.966443949
2452	0.966434836
2453	0.966426406
2454	0.966418646
2455	0.966411541
2456	0.966405077
2457	0.96639924
2458	0.966394015
2459	0.966389388
2460	0.966385345
2461	0.966381872
2462	0.966378954
2463	0.966376578
2464	0.966374728
2465	0.966373391
2466	0.966372553
2467	0.966372199
2468	0.966372315
2469	0.966372886
2470	0.966373899
2471	0.96637534
2472	0.966377193
2473	0.966379445
2474	0.966382082
2475	0.966385089
2476	0.966388452
2477	0.966392157
2478	0.966396189
2479	0.966400535
2480	0.96640518
2481	0.966410109
2482	0.96641531
2483	0.966420766
2484	0.966426465
2485	0.966432391
2486	0.966438532
2487	0.966444871
2488	0.966451396
2489	0.966458092
2490	0.966464944
2491	0.966471939
2492	0.966479062
2493	0.966486299
2494	0.966493635
2495	0.966501057
2496	0.96650855
2497	0.966516101
2498	0.966523694
2499	0.966531315
2500	0.966538951

