New GA 10" Labsphere panel
Serial # Serial Number : 99aa03-0319-1952
Comments : Labsphere cal only (1nm steps smoothed to 10nm)


Wavelength K-factor
350 0.9933300000000005
351 0.9931900000000006
352 0.9933000000000005
353 0.9935700000000004
354 0.9937600000000003
355 0.9938900000000002
356 0.9939800000000002
357 0.9940700000000003
358 0.9941200000000003
359 0.9940400000000004
360 0.9941600000000003
361 0.9943700000000002
362 0.9944300000000001
363 0.9942400000000002
364 0.9941200000000003
365 0.9940900000000005
366 0.9939500000000006
367 0.9937700000000005
368 0.9936200000000005
369 0.9937500000000004
370 0.9938700000000005
371 0.9937400000000005
372 0.9935400000000005
373 0.9936800000000003
374 0.9938500000000003
375 0.9937900000000003
376 0.9938200000000001
377 0.9939100000000003
378 0.9938900000000004
379 0.9936900000000005
380 0.9935100000000003
381 0.9934600000000003
382 0.9935900000000004
383 0.9935300000000005
384 0.9933400000000006
385 0.9933100000000007
386 0.9933200000000006
387 0.9933800000000005
388 0.9935600000000004
389 0.9936900000000003
390 0.9937300000000004
391 0.9937700000000005
392 0.9937400000000005
393 0.9937100000000004
394 0.9936600000000004
395 0.9936400000000004
396 0.9937200000000004
397 0.9937200000000004
398 0.9937300000000004
399 0.9937000000000005
400 0.9937200000000004
401 0.9937100000000004
402 0.9936900000000003
403 0.9937000000000002
404 0.9937600000000003
405 0.9938000000000002
406 0.9937900000000003
407 0.9937500000000004
408 0.9937100000000004
409 0.9937300000000004
410 0.9937300000000004
411 0.9937500000000006
412 0.9937700000000007
413 0.9938000000000006
414 0.9938200000000006
415 0.9938100000000005
416 0.9937700000000007
417 0.9937800000000007
418 0.9937800000000007
419 0.9937200000000006
420 0.9936800000000007
421 0.9936500000000006
422 0.9936000000000005
423 0.9935600000000004
424 0.9935100000000003
425 0.9934300000000004
426 0.9934100000000005
427 0.9933800000000005
428 0.9933600000000006
429 0.9933100000000007
430 0.9932300000000007
431 0.9932300000000007
432 0.9932800000000007
433 0.9932600000000008
434 0.9932400000000008
435 0.9932400000000008
436 0.993200000000001
437 0.9931500000000011
438 0.9931000000000012
439 0.9931200000000011
440 0.993160000000001
441 0.993140000000001
442 0.993070000000001
443 0.9930100000000011
444 0.9929800000000011
445 0.9930300000000012
446 0.993090000000001
447 0.993100000000001
448 0.9930700000000009
449 0.9930200000000008
450 0.9929700000000008
451 0.9929700000000008
452 0.9929800000000008
453 0.9929700000000008
454 0.9929600000000007
455 0.9928900000000007
456 0.9928200000000007
457 0.9927900000000008
458 0.992810000000001
459 0.9928300000000011
460 0.9928300000000011
461 0.992840000000001
462 0.992850000000001
463 0.9929000000000011
464 0.9929700000000009
465 0.9930100000000008
466 0.9930100000000008
467 0.9930100000000008
468 0.9930100000000008
469 0.9930300000000007
470 0.9930700000000009
471 0.9930500000000009
472 0.993020000000001
473 0.9929900000000009
474 0.9929300000000009
475 0.9929200000000009
476 0.9929600000000007
477 0.9929900000000007
478 0.9930100000000006
479 0.9930100000000006
480 0.9930200000000007
481 0.9930400000000006
482 0.9930600000000005
483 0.9930900000000007
484 0.9930900000000007
485 0.9930700000000007
486 0.9930600000000007
487 0.9930700000000007
488 0.9931100000000006
489 0.9931100000000006
490 0.9930800000000006
491 0.9931100000000006
492 0.9931800000000006
493 0.9932400000000007
494 0.9933100000000007
495 0.9933400000000006
496 0.9933800000000007
497 0.9934100000000006
498 0.9934000000000005
499 0.9934600000000005
500 0.9935400000000005
501 0.9935700000000004
502 0.9935700000000004
503 0.9935600000000004
504 0.9935300000000004
505 0.9935500000000003
506 0.9935600000000004
507 0.9935500000000005
508 0.9935600000000007
509 0.9935800000000006
510 0.9935900000000005
511 0.9935700000000006
512 0.9935400000000005
513 0.9935500000000005
514 0.9935900000000005
515 0.9936000000000007
516 0.9935700000000006
517 0.9935600000000007
518 0.9935700000000007
519 0.9935500000000008
520 0.9935300000000009
521 0.9935100000000008
522 0.9935300000000009
523 0.9935100000000008
524 0.9934800000000006
525 0.9934700000000006
526 0.9934600000000007
527 0.9934500000000007
528 0.9934000000000006
529 0.9933600000000006
530 0.9933200000000004
531 0.9933200000000004
532 0.9933200000000004
533 0.9933300000000005
534 0.9933300000000005
535 0.9933100000000004
536 0.9933200000000003
537 0.9933400000000002
538 0.9933500000000002
539 0.9933900000000003
540 0.9934200000000002
541 0.9934000000000003
542 0.9934000000000003
543 0.9934000000000001
544 0.9934100000000002
545 0.9934300000000003
546 0.9934700000000003
547 0.9934600000000003
548 0.9934600000000003
549 0.9934400000000002
550 0.99344
551 0.9934000000000001
552 0.9933500000000001
553 0.9933099999999999
554 0.99328
555 0.9932700000000001
556 0.99323
557 0.99323
558 0.9932599999999999
559 0.99323
560 0.9931899999999999
561 0.9931899999999999
562 0.9931899999999999
563 0.9932099999999998
564 0.9932099999999998
565 0.99322
566 0.99319
567 0.9931600000000002
568 0.99314
569 0.99314
570 0.99315
571 0.9932099999999998
572 0.9932299999999998
573 0.9931999999999999
574 0.9932199999999998
575 0.9931999999999999
576 0.9932099999999998
577 0.9932499999999997
578 0.9932199999999998
579 0.9932299999999998
580 0.9932299999999998
581 0.9931599999999998
582 0.9931299999999998
583 0.9931199999999999
584 0.9930899999999999
585 0.99312
586 0.99314
587 0.9931300000000001
588 0.99315
589 0.99315
590 0.99315
591 0.99321
592 0.99322
593 0.9932599999999999
594 0.9932599999999999
595 0.9931899999999999
596 0.9931999999999999
597 0.99322
598 0.9932000000000001
599 0.9931700000000001
600 0.99319
601 0.99321
602 0.9932000000000001
603 0.9932000000000001
604 0.99319
605 0.99322
606 0.99326
607 0.9932100000000001
608 0.9932400000000001
609 0.99326
610 0.99319
611 0.9930900000000001
612 0.99312
613 0.9930800000000002
614 0.99312
615 0.99312
616 0.9930900000000001
617 0.9931500000000002
618 0.9931400000000001
619 0.9931400000000001
620 0.9931800000000003
621 0.9932400000000003
622 0.9932300000000003
623 0.9932400000000003
624 0.9932100000000004
625 0.9932800000000004
626 0.9933000000000003
627 0.9932400000000003
628 0.9932200000000003
629 0.9932200000000003
630 0.9931900000000005
631 0.9932300000000003
632 0.9932200000000003
633 0.9932300000000003
634 0.9932300000000003
635 0.9931500000000003
636 0.9930800000000003
637 0.9930400000000003
638 0.9930600000000002
639 0.9930500000000002
640 0.9931300000000002
641 0.9930700000000001
642 0.9930800000000002
643 0.9931000000000001
644 0.9931500000000002
645 0.9931400000000001
646 0.9931200000000002
647 0.9931200000000002
648 0.9931200000000002
649 0.9931000000000003
650 0.9930500000000002
651 0.9931500000000002
652 0.9931800000000001
653 0.9931700000000001
654 0.99308
655 0.9931299999999998
656 0.9932099999999998
657 0.9932399999999999
658 0.9933099999999999
659 0.9933399999999999
660 0.9933099999999999
661 0.99318
662 0.99312
663 0.9931700000000001
664 0.9932400000000001
665 0.9932400000000001
666 0.9932300000000002
667 0.9932700000000001
668 0.99315
669 0.9931699999999999
670 0.9932599999999999
671 0.9933499999999998
672 0.9933999999999997
673 0.9933699999999996
674 0.9933699999999996
675 0.9933299999999996
676 0.9933699999999994
677 0.9934199999999995
678 0.9934799999999996
679 0.9934999999999997
680 0.9934099999999997
681 0.9933899999999998
682 0.9933199999999998
683 0.9932399999999998
684 0.9931699999999998
685 0.9931599999999998
686 0.9930999999999998
687 0.9930399999999997
688 0.9930299999999997
689 0.9929399999999997
690 0.9929499999999998
691 0.9929199999999998
692 0.9929199999999998
693 0.9929299999999998
694 0.9929799999999999
695 0.9930499999999999
696 0.9930299999999999
697 0.99301
698 0.99298
699 0.9930300000000001
700 0.993
701 0.9929499999999999
702 0.9929600000000001
703 0.9930500000000002
704 0.9930300000000003
705 0.9929000000000002
706 0.9928900000000003
707 0.9929000000000002
708 0.9929200000000001
709 0.9929300000000001
710 0.9929400000000002
711 0.9930100000000002
712 0.9930300000000001
713 0.99298
714 0.9929600000000001
715 0.99298
716 0.99298
717 0.99298
718 0.99292
719 0.99286
720 0.9929400000000002
721 0.9929200000000001
722 0.9929400000000002
723 0.9929800000000002
724 0.9930300000000001
725 0.9930900000000001
726 0.9930900000000001
727 0.9930600000000002
728 0.9931200000000002
729 0.9931400000000004
730 0.9930900000000005
731 0.9930900000000005
732 0.9930800000000005
733 0.9930400000000006
734 0.9930100000000006
735 0.9930100000000006
736 0.9929800000000005
737 0.9929700000000004
738 0.9929100000000004
739 0.9929300000000003
740 0.9929400000000003
741 0.9929500000000002
742 0.9929900000000002
743 0.9929800000000002
744 0.9929600000000003
745 0.9929600000000003
746 0.9929800000000004
747 0.9929700000000004
748 0.9930200000000005
749 0.9930000000000005
750 0.9929400000000005
751 0.9928900000000004
752 0.9928300000000003
753 0.9928100000000004
754 0.9928000000000002
755 0.9927700000000004
756 0.9927500000000002
757 0.9927800000000003
758 0.9927700000000004
759 0.9927500000000002
760 0.9928000000000002
761 0.9928900000000003
762 0.9929600000000003
763 0.9930200000000001
764 0.9930300000000003
765 0.9930000000000001
766 0.9929800000000002
767 0.9929800000000002
768 0.9929600000000001
769 0.9930100000000002
770 0.9930000000000001
771 0.9929100000000002
772 0.9928400000000002
773 0.9928300000000002
774 0.9929100000000002
775 0.9929400000000003
776 0.9929600000000003
777 0.9929500000000002
778 0.9929200000000004
779 0.9928300000000003
780 0.9927500000000004
781 0.9927500000000004
782 0.9928200000000004
783 0.9928200000000004
784 0.9927200000000003
785 0.9927100000000003
786 0.9927700000000004
787 0.9927500000000002
788 0.9927800000000001
789 0.9928600000000001
790 0.9929300000000001
791 0.9929300000000001
792 0.9928500000000001
793 0.9928300000000002
794 0.9928900000000003
795 0.9928800000000001
796 0.9928500000000001
797 0.9929000000000002
798 0.9929300000000003
799 0.9928900000000003
800 0.9929100000000002
801 0.9930000000000003
802 0.9930000000000003
803 0.9929300000000003
804 0.9928300000000003
805 0.9927700000000005
806 0.9928000000000005
807 0.9928700000000005
808 0.9929000000000003
809 0.9929400000000005
810 0.9929200000000005
811 0.9927900000000005
812 0.9927100000000004
813 0.9927600000000005
814 0.9928100000000004
815 0.9928400000000004
816 0.9928200000000004
817 0.9927900000000005
818 0.9927000000000005
819 0.9926400000000004
820 0.9926200000000003
821 0.9927000000000004
822 0.9928500000000003
823 0.9929000000000002
824 0.9928900000000003
825 0.9929100000000002
826 0.9929200000000001
827 0.9929400000000002
828 0.9930600000000002
829 0.9931400000000001
830 0.9931700000000003
831 0.9931400000000001
832 0.9930400000000003
833 0.9929400000000003
834 0.9929400000000003
835 0.9929200000000004
836 0.9928500000000003
837 0.9927300000000002
838 0.9926900000000002
839 0.9927400000000002
840 0.9927700000000002
841 0.9928000000000002
842 0.9928400000000004
843 0.9928700000000003
844 0.9928300000000003
845 0.9928200000000004
846 0.9928300000000003
847 0.9928700000000005
848 0.9928400000000005
849 0.9927900000000005
850 0.9928100000000004
851 0.9927800000000003
852 0.9927600000000002
853 0.9927600000000002
854 0.9927700000000002
855 0.9928800000000001
856 0.9929000000000002
857 0.9928600000000001
858 0.9928100000000001
859 0.9927100000000001
860 0.9927800000000001
861 0.9929300000000001
862 0.9930000000000001
863 0.9930500000000002
864 0.9931400000000001
865 0.9931200000000002
866 0.9931700000000001
867 0.9932500000000001
868 0.9933400000000001
869 0.99347
870 0.9934200000000001
871 0.9933500000000002
872 0.9933500000000002
873 0.9933800000000004
874 0.9934100000000002
875 0.9934400000000002
876 0.9934500000000002
877 0.9934400000000002
878 0.9934200000000002
879 0.9933900000000001
880 0.99336
881 0.9933499999999998
882 0.9933499999999998
883 0.99332
884 0.9933099999999999
885 0.9933099999999999
886 0.9933
887 0.9933099999999999
888 0.9933399999999999
889 0.9933499999999998
890 0.99337
891 0.9933900000000001
892 0.9934000000000003
893 0.9934300000000003
894 0.9934400000000002
895 0.99344
896 0.9934600000000001
897 0.9934600000000001
898 0.9934500000000002
899 0.9934600000000001
900 0.99346
901 0.9934499999999999
902 0.99346
903 0.99347
904 0.99347
905 0.9934499999999999
906 0.9934000000000001
907 0.9933700000000002
908 0.9933600000000002
909 0.9933500000000002
910 0.9933500000000002
911 0.9933500000000002
912 0.99333
913 0.9933
914 0.9933
915 0.99329
916 0.9933
917 0.9933299999999999
918 0.9933499999999998
919 0.9933599999999998
920 0.9933499999999998
921 0.9933299999999999
922 0.9933
923 0.9933
924 0.99328
925 0.99328
926 0.9933
927 0.9933099999999999
928 0.99329
929 0.99326
930 0.9932300000000002
931 0.9932200000000002
932 0.9932400000000001
933 0.9932300000000002
934 0.9932300000000002
935 0.9932400000000001
936 0.9932400000000001
937 0.9932400000000001
938 0.9932500000000001
939 0.9932700000000001
940 0.99328
941 0.99328
942 0.9932700000000001
943 0.99328
944 0.99328
945 0.9932700000000001
946 0.99328
947 0.9932900000000002
948 0.9933000000000002
949 0.9933100000000001
950 0.9933200000000001
951 0.99333
952 0.9933400000000001
953 0.99333
954 0.9933100000000001
955 0.9932800000000002
956 0.9932400000000003
957 0.9932000000000002
958 0.9931600000000003
959 0.9931300000000004
960 0.9931300000000004
961 0.9931000000000004
962 0.9931000000000004
963 0.9931100000000004
964 0.9931100000000004
965 0.9931500000000003
966 0.9931900000000002
967 0.9932300000000003
968 0.9932500000000003
969 0.9932500000000003
970 0.9932300000000003
971 0.9932600000000003
972 0.9932800000000002
973 0.9932600000000003
974 0.9932600000000003
975 0.9932700000000002
976 0.9932700000000002
977 0.9932800000000004
978 0.9932900000000003
979 0.9933100000000004
980 0.9933200000000003
981 0.9933200000000003
982 0.9932900000000003
983 0.9933000000000003
984 0.9933100000000004
985 0.9932900000000003
986 0.9932800000000004
987 0.9932500000000003
988 0.9932600000000003
989 0.9932600000000003
990 0.9932700000000002
991 0.9932700000000002
992 0.9933000000000002
993 0.9933200000000001
994 0.9933100000000001
995 0.9933100000000001
996 0.9933100000000001
997 0.9933000000000002
998 0.9932600000000003
999 0.9932300000000003
1000 0.9932200000000003
1001 0.9932200000000003
1002 0.9932100000000001
1003 0.9931800000000003
1004 0.9931700000000003
1005 0.9931500000000003
1006 0.9931500000000003
1007 0.9931500000000003
1008 0.9931700000000003
1009 0.9931800000000003
1010 0.9932000000000002
1011 0.9932000000000002
1012 0.9931700000000003
1013 0.9931600000000003
1014 0.9931800000000003
1015 0.9931900000000002
1016 0.9931700000000003
1017 0.9931600000000003
1018 0.9931400000000004
1019 0.9931300000000004
1020 0.9930800000000005
1021 0.9930600000000005
1022 0.9930600000000005
1023 0.9930700000000006
1024 0.9930700000000006
1025 0.9930800000000005
1026 0.9931000000000004
1027 0.9931300000000004
1028 0.9931600000000003
1029 0.9931700000000003
1030 0.9932000000000002
1031 0.9932000000000002
1032 0.9931700000000003
1033 0.9931900000000002
1034 0.9932100000000001
1035 0.9931900000000002
1036 0.9931600000000003
1037 0.9931300000000004
1038 0.9931100000000004
1039 0.9930900000000005
1040 0.9930800000000005
1041 0.9930900000000005
1042 0.9931200000000004
1043 0.9931100000000004
1044 0.9931000000000004
1045 0.9931200000000004
1046 0.9931200000000004
1047 0.9931100000000004
1048 0.9931100000000004
1049 0.9931200000000004
1050 0.9931100000000004
1051 0.9931100000000004
1052 0.9931200000000004
1053 0.9931300000000004
1054 0.9931200000000004
1055 0.9931200000000004
1056 0.9931600000000003
1057 0.9931700000000003
1058 0.9931800000000003
1059 0.9931800000000003
1060 0.9931800000000003
1061 0.9931700000000003
1062 0.9931800000000003
1063 0.9931700000000003
1064 0.9931700000000003
1065 0.9931800000000003
1066 0.9931500000000003
1067 0.9931500000000003
1068 0.9931300000000004
1069 0.9931300000000004
1070 0.9931400000000004
1071 0.9931300000000004
1072 0.9931200000000004
1073 0.9931100000000004
1074 0.9931000000000004
1075 0.9930900000000005
1076 0.9931000000000004
1077 0.9931200000000004
1078 0.9931800000000004
1079 0.9932100000000004
1080 0.9932100000000004
1081 0.9932400000000003
1082 0.9932300000000003
1083 0.9932400000000003
1084 0.9932400000000003
1085 0.9932500000000003
1086 0.9932600000000003
1087 0.9932700000000002
1088 0.9932300000000002
1089 0.9932400000000001
1090 0.9932500000000001
1091 0.9932400000000001
1092 0.9932500000000001
1093 0.9932500000000001
1094 0.9932700000000001
1095 0.9932700000000001
1096 0.9932700000000001
1097 0.99326
1098 0.9932700000000001
1099 0.9932500000000001
1100 0.9932400000000001
1101 0.9932300000000002
1102 0.9932000000000002
1103 0.9931800000000003
1104 0.9931700000000003
1105 0.9931600000000003
1106 0.9931500000000003
1107 0.9931500000000003
1108 0.9931400000000004
1109 0.9931400000000004
1110 0.9931600000000003
1111 0.9931600000000003
1112 0.9931600000000003
1113 0.9931300000000002
1114 0.9931200000000002
1115 0.9931100000000003
1116 0.9931200000000002
1117 0.9931100000000003
1118 0.9931200000000002
1119 0.9931300000000002
1120 0.9931300000000002
1121 0.9931500000000002
1122 0.9931800000000001
1123 0.9932200000000002
1124 0.9932200000000002
1125 0.9932100000000001
1126 0.9931800000000003
1127 0.9931600000000003
1128 0.9931400000000004
1129 0.9931200000000004
1130 0.9931200000000004
1131 0.9931300000000004
1132 0.9931100000000004
1133 0.9931100000000004
1134 0.9931100000000004
1135 0.9931200000000004
1136 0.9931100000000004
1137 0.9931100000000004
1138 0.9931200000000004
1139 0.9931500000000003
1140 0.9931400000000004
1141 0.9931100000000004
1142 0.9931200000000004
1143 0.9931300000000004
1144 0.9931300000000004
1145 0.9931300000000004
1146 0.9931600000000003
1147 0.9931800000000003
1148 0.9931800000000003
1149 0.9931400000000004
1150 0.9931300000000004
1151 0.9931300000000004
1152 0.9931000000000004
1153 0.9930700000000006
1154 0.9930600000000005
1155 0.9930300000000006
1156 0.9930100000000006
1157 0.9929900000000007
1158 0.9929600000000007
1159 0.9929400000000008
1160 0.9928900000000007
1161 0.9928500000000007
1162 0.9928500000000007
1163 0.9928400000000007
1164 0.9928300000000008
1165 0.9928200000000006
1166 0.9928000000000006
1167 0.9927900000000006
1168 0.9927800000000007
1169 0.9927600000000005
1170 0.9927600000000005
1171 0.9927500000000006
1172 0.9927400000000004
1173 0.9927200000000003
1174 0.9926900000000002
1175 0.9926800000000002
1176 0.9926400000000001
1177 0.9926
1178 0.9925799999999999
1179 0.9925799999999999
1180 0.9925799999999999
1181 0.9925799999999999
1182 0.9925599999999999
1183 0.99253
1184 0.99251
1185 0.99251
1186 0.9925200000000001
1187 0.99251
1188 0.9924700000000002
1189 0.9924300000000003
1190 0.9924000000000003
1191 0.9923900000000003
1192 0.9923900000000003
1193 0.9923900000000003
1194 0.9923700000000004
1195 0.9923200000000005
1196 0.9922800000000006
1197 0.9922600000000006
1198 0.9922600000000006
1199 0.9922600000000006
1200 0.9922400000000007
1201 0.9921900000000008
1202 0.9921500000000009
1203 0.992120000000001
1204 0.992100000000001
1205 0.992100000000001
1206 0.992100000000001
1207 0.992090000000001
1208 0.992090000000001
1209 0.992100000000001
1210 0.992100000000001
1211 0.9920800000000011
1212 0.9920600000000009
1213 0.9920600000000007
1214 0.9920400000000008
1215 0.9920100000000007
1216 0.9919800000000005
1217 0.9919500000000004
1218 0.9919300000000003
1219 0.9919000000000004
1220 0.9919000000000004
1221 0.9919300000000005
1222 0.9919400000000005
1223 0.9919300000000003
1224 0.9919400000000003
1225 0.9919700000000005
1226 0.9920000000000005
1227 0.9920200000000007
1228 0.9920400000000008
1229 0.9920600000000007
1230 0.9920600000000007
1231 0.9920600000000007
1232 0.9920700000000007
1233 0.9920900000000008
1234 0.9921100000000009
1235 0.9921100000000009
1236 0.992100000000001
1237 0.992090000000001
1238 0.9920700000000011
1239 0.9920700000000011
1240 0.9920800000000011
1241 0.9920700000000011
1242 0.992060000000001
1243 0.9920500000000011
1244 0.9920500000000011
1245 0.9920500000000011
1246 0.9920500000000011
1247 0.9920500000000011
1248 0.9920400000000011
1249 0.9920300000000012
1250 0.9920100000000012
1251 0.9920100000000012
1252 0.9920100000000012
1253 0.9919900000000013
1254 0.9919800000000013
1255 0.9919700000000014
1256 0.9919600000000013
1257 0.9919500000000013
1258 0.9919200000000015
1259 0.9918800000000013
1260 0.9918600000000012
1261 0.9918400000000013
1262 0.9918200000000013
1263 0.9918300000000013
1264 0.9918200000000013
1265 0.9917900000000014
1266 0.9917600000000014
1267 0.9917600000000014
1268 0.9917800000000014
1269 0.9917900000000014
1270 0.9917900000000014
1271 0.9917700000000014
1272 0.9917500000000015
1273 0.9917400000000015
1274 0.9917100000000015
1275 0.9916900000000016
1276 0.9916700000000016
1277 0.9916100000000017
1278 0.9915600000000018
1279 0.9915100000000019
1280 0.991470000000002
1281 0.991470000000002
1282 0.991460000000002
1283 0.9914200000000021
1284 0.9914100000000021
1285 0.9914200000000021
1286 0.991430000000002
1287 0.9914500000000022
1288 0.9914700000000021
1289 0.991500000000002
1290 0.991510000000002
1291 0.9914900000000021
1292 0.991460000000002
1293 0.9914300000000018
1294 0.9914100000000019
1295 0.991400000000002
1296 0.9913800000000019
1297 0.9913500000000018
1298 0.9912900000000018
1299 0.9912300000000018
1300 0.9911800000000017
1301 0.9911300000000016
1302 0.9911100000000017
1303 0.9911100000000017
1304 0.9910800000000016
1305 0.9910200000000016
1306 0.9909600000000015
1307 0.9909100000000016
1308 0.9909000000000017
1309 0.9908900000000017
1310 0.9908700000000017
1311 0.9908400000000018
1312 0.9908000000000019
1313 0.990760000000002
1314 0.9907300000000021
1315 0.9907000000000021
1316 0.9907000000000021
1317 0.9906900000000022
1318 0.9906600000000022
1319 0.9906200000000023
1320 0.9905800000000022
1321 0.9905700000000023
1322 0.9905700000000023
1323 0.9905600000000023
1324 0.9905400000000023
1325 0.9905300000000024
1326 0.9905000000000023
1327 0.9904800000000021
1328 0.990450000000002
1329 0.9904200000000019
1330 0.9904200000000019
1331 0.9904100000000018
1332 0.9903700000000016
1333 0.9903200000000016
1334 0.9902800000000015
1335 0.9902400000000015
1336 0.9902100000000015
1337 0.9902000000000015
1338 0.9902000000000015
1339 0.9902000000000015
1340 0.9901800000000016
1341 0.9901600000000016
1342 0.9901400000000017
1343 0.9901300000000017
1344 0.9901500000000016
1345 0.9901600000000016
1346 0.9901400000000017
1347 0.9901100000000017
1348 0.9901100000000017
1349 0.9901100000000017
1350 0.9901000000000018
1351 0.9900900000000018
1352 0.9900900000000018
1353 0.9900800000000018
1354 0.9900500000000019
1355 0.9900200000000019
1356 0.9900200000000019
1357 0.9900200000000019
1358 0.989990000000002
1359 0.9899600000000021
1360 0.9899300000000022
1361 0.9899000000000022
1362 0.9898900000000023
1363 0.9899000000000022
1364 0.9899100000000022
1365 0.9899300000000022
1366 0.9899400000000022
1367 0.9899500000000021
1368 0.9899600000000021
1369 0.9899600000000021
1370 0.9899800000000021
1371 0.989990000000002
1372 0.9899800000000021
1373 0.989970000000002
1374 0.989970000000002
1375 0.989930000000002
1376 0.989900000000002
1377 0.9898800000000021
1378 0.9898800000000021
1379 0.9898800000000021
1380 0.9898800000000021
1381 0.9898800000000021
1382 0.9898800000000021
1383 0.9898800000000021
1384 0.9898500000000021
1385 0.9898600000000023
1386 0.9898700000000022
1387 0.9898800000000023
1388 0.9898400000000022
1389 0.9898100000000021
1390 0.9897900000000022
1391 0.989770000000002
1392 0.989780000000002
1393 0.989780000000002
1394 0.989790000000002
1395 0.989790000000002
1396 0.989780000000002
1397 0.9897500000000019
1398 0.989780000000002
1399 0.9898000000000021
1400 0.989790000000002
1401 0.9898000000000021
1402 0.9897900000000022
1403 0.989770000000002
1404 0.989770000000002
1405 0.989790000000002
1406 0.9898100000000021
1407 0.9898400000000022
1408 0.9898300000000022
1409 0.9898400000000022
1410 0.9898900000000023
1411 0.9899400000000022
1412 0.989970000000002
1413 0.990000000000002
1414 0.990030000000002
1415 0.9900500000000019
1416 0.9900800000000018
1417 0.9901000000000018
1418 0.9901400000000017
1419 0.9901800000000016
1420 0.9902000000000015
1421 0.9902300000000016
1422 0.9903000000000016
1423 0.9903800000000016
1424 0.9904200000000017
1425 0.9904600000000018
1426 0.9905000000000019
1427 0.9905500000000019
1428 0.9905900000000021
1429 0.9906200000000022
1430 0.9906300000000023
1431 0.9906500000000023
1432 0.9906600000000022
1433 0.9906700000000022
1434 0.9906600000000022
1435 0.9906600000000022
1436 0.9906600000000022
1437 0.9906700000000022
1438 0.9906700000000022
1439 0.9906400000000021
1440 0.9906200000000019
1441 0.990600000000002
1442 0.9905900000000021
1443 0.9905600000000021
1444 0.9905900000000021
1445 0.990600000000002
1446 0.9906200000000019
1447 0.9906200000000019
1448 0.9906300000000019
1449 0.990690000000002
1450 0.990750000000002
1451 0.990790000000002
1452 0.9908000000000019
1453 0.9908200000000018
1454 0.9908200000000018
1455 0.9908100000000019
1456 0.9908200000000018
1457 0.9908400000000018
1458 0.9908700000000017
1459 0.9908800000000018
1460 0.9908700000000017
1461 0.9908500000000018
1462 0.9908400000000018
1463 0.9908300000000019
1464 0.9908200000000018
1465 0.9908200000000018
1466 0.9908200000000018
1467 0.9908200000000018
1468 0.9908300000000019
1469 0.9908300000000019
1470 0.9908500000000018
1471 0.9908700000000017
1472 0.9909000000000017
1473 0.9909300000000016
1474 0.9909400000000016
1475 0.9909400000000016
1476 0.9909100000000016
1477 0.9909100000000016
1478 0.9908800000000018
1479 0.9908700000000017
1480 0.9908600000000017
1481 0.9908300000000019
1482 0.9908000000000019
1483 0.9908000000000019
1484 0.990790000000002
1485 0.9908200000000018
1486 0.9908600000000017
1487 0.9908500000000018
1488 0.9908800000000018
1489 0.9908900000000017
1490 0.9908700000000017
1491 0.9909000000000017
1492 0.9909200000000016
1493 0.9909100000000016
1494 0.9909300000000016
1495 0.9909200000000016
1496 0.9909100000000016
1497 0.9909300000000016
1498 0.9908900000000017
1499 0.9908700000000017
1500 0.9908900000000017
1501 0.9908900000000017
1502 0.9908800000000018
1503 0.9908600000000017
1504 0.9908800000000018
1505 0.9909000000000017
1506 0.9908900000000017
1507 0.9908600000000017
1508 0.9908700000000017
1509 0.9908700000000017
1510 0.9908600000000017
1511 0.9908300000000019
1512 0.9908100000000019
1513 0.9908300000000019
1514 0.990790000000002
1515 0.990760000000002
1516 0.9907700000000019
1517 0.9907700000000019
1518 0.990750000000002
1519 0.990760000000002
1520 0.9907700000000019
1521 0.990780000000002
1522 0.990790000000002
1523 0.9907700000000019
1524 0.990780000000002
1525 0.990790000000002
1526 0.990750000000002
1527 0.990760000000002
1528 0.9908000000000019
1529 0.9908100000000019
1530 0.9908000000000019
1531 0.990790000000002
1532 0.9907700000000019
1533 0.990760000000002
1534 0.990750000000002
1535 0.990750000000002
1536 0.990790000000002
1537 0.9907500000000018
1538 0.9907000000000019
1539 0.990670000000002
1540 0.9907000000000019
1541 0.9907000000000019
1542 0.9906700000000018
1543 0.9906500000000017
1544 0.9906500000000017
1545 0.9906500000000017
1546 0.9906400000000017
1547 0.9906700000000018
1548 0.9906900000000018
1549 0.9906900000000018
1550 0.9906700000000018
1551 0.9906800000000018
1552 0.9907200000000019
1553 0.990750000000002
1554 0.9907400000000021
1555 0.9907100000000021
1556 0.9907000000000021
1557 0.9907000000000021
1558 0.9907100000000021
1559 0.990720000000002
1560 0.9907100000000021
1561 0.990670000000002
1562 0.990640000000002
1563 0.9906200000000019
1564 0.9906300000000019
1565 0.990640000000002
1566 0.990640000000002
1567 0.9906300000000019
1568 0.990610000000002
1569 0.990610000000002
1570 0.990610000000002
1571 0.990650000000002
1572 0.9907100000000021
1573 0.990750000000002
1574 0.9907700000000019
1575 0.990790000000002
1576 0.9908000000000019
1577 0.9908100000000019
1578 0.9908300000000019
1579 0.9908400000000018
1580 0.9908600000000017
1581 0.9908600000000017
1582 0.9908400000000018
1583 0.9908200000000018
1584 0.9908100000000019
1585 0.9908000000000019
1586 0.990780000000002
1587 0.9907700000000019
1588 0.990750000000002
1589 0.9907400000000021
1590 0.990720000000002
1591 0.9907100000000021
1592 0.9906900000000022
1593 0.9906700000000022
1594 0.9906500000000023
1595 0.9906800000000022
1596 0.9906900000000022
1597 0.9906900000000022
1598 0.9907000000000021
1599 0.9906800000000022
1600 0.9906700000000022
1601 0.9906400000000021
1602 0.9906400000000021
1603 0.9906600000000021
1604 0.990670000000002
1605 0.9906400000000021
1606 0.9906200000000022
1607 0.990600000000002
1608 0.990570000000002
1609 0.9905500000000018
1610 0.9905300000000018
1611 0.9905300000000018
1612 0.9905100000000017
1613 0.9904900000000018
1614 0.9904600000000017
1615 0.9904400000000017
1616 0.9904300000000015
1617 0.9904300000000015
1618 0.9904200000000015
1619 0.9904000000000016
1620 0.9903600000000015
1621 0.9903300000000016
1622 0.9902900000000017
1623 0.9902400000000016
1624 0.9902000000000017
1625 0.9901400000000017
1626 0.9901100000000017
1627 0.9900700000000018
1628 0.9900400000000019
1629 0.9900100000000019
1630 0.9899700000000019
1631 0.9899400000000019
1632 0.989930000000002
1633 0.989900000000002
1634 0.9898800000000021
1635 0.9898800000000021
1636 0.9898500000000021
1637 0.9898400000000022
1638 0.9898100000000023
1639 0.9897700000000021
1640 0.9897500000000022
1641 0.9897300000000021
1642 0.9897100000000021
1643 0.989700000000002
1644 0.9896700000000018
1645 0.9896400000000017
1646 0.9896000000000017
1647 0.9895400000000016
1648 0.9895000000000017
1649 0.9894800000000018
1650 0.9894500000000018
1651 0.989420000000002
1652 0.989400000000002
1653 0.989390000000002
1654 0.989380000000002
1655 0.9893500000000021
1656 0.9893400000000021
1657 0.9893300000000022
1658 0.9893100000000021
1659 0.9892800000000023
1660 0.9892700000000023
1661 0.9892600000000022
1662 0.9892100000000024
1663 0.9891600000000025
1664 0.9891200000000027
1665 0.9890800000000025
1666 0.9890200000000025
1667 0.9889800000000024
1668 0.9889600000000023
1669 0.9889300000000022
1670 0.9888700000000021
1671 0.9888100000000021
1672 0.988770000000002
1673 0.9887300000000019
1674 0.9886800000000019
1675 0.988640000000002
1676 0.988630000000002
1677 0.988600000000002
1678 0.988530000000002
1679 0.9884800000000021
1680 0.9884700000000022
1681 0.9884500000000023
1682 0.9884300000000023
1683 0.9884000000000024
1684 0.9883700000000024
1685 0.9883500000000025
1686 0.9883100000000026
1687 0.9882600000000025
1688 0.9882400000000026
1689 0.9882200000000025
1690 0.9881800000000025
1691 0.9881300000000024
1692 0.9880900000000024
1693 0.9880600000000023
1694 0.9880300000000023
1695 0.9880100000000022
1696 0.988000000000002
1697 0.987990000000002
1698 0.9879700000000021
1699 0.9879400000000021
1700 0.9879200000000022
1701 0.9879100000000023
1702 0.9879000000000022
1703 0.9878800000000023
1704 0.9878700000000024
1705 0.9878300000000024
1706 0.9877800000000025
1707 0.9877500000000026
1708 0.9877300000000027
1709 0.9877300000000027
1710 0.9877200000000027
1711 0.9877000000000027
1712 0.9876600000000029
1713 0.9876500000000028
1714 0.9876500000000028
1715 0.9876600000000029
1716 0.9876700000000028
1717 0.9876600000000029
1718 0.9876600000000029
1719 0.9876600000000029
1720 0.9876500000000028
1721 0.9876300000000029
1722 0.9876300000000029
1723 0.987610000000003
1724 0.987590000000003
1725 0.9875600000000031
1726 0.9875300000000031
1727 0.9875400000000031
1728 0.9875400000000031
1729 0.9875300000000031
1730 0.9875200000000032
1731 0.9875400000000031
1732 0.9875400000000031
1733 0.9875400000000031
1734 0.9875400000000031
1735 0.987550000000003
1736 0.9875700000000031
1737 0.987580000000003
1738 0.987590000000003
1739 0.987610000000003
1740 0.9876600000000029
1741 0.9876900000000027
1742 0.9877100000000028
1743 0.9877300000000027
1744 0.9877300000000027
1745 0.9877400000000026
1746 0.9877700000000026
1747 0.9878000000000025
1748 0.9878200000000025
1749 0.9878300000000024
1750 0.9878200000000025
1751 0.9878300000000024
1752 0.9878700000000024
1753 0.9879000000000022
1754 0.9879500000000021
1755 0.988000000000002
1756 0.9880500000000021
1757 0.988060000000002
1758 0.988060000000002
1759 0.988060000000002
1760 0.9880800000000021
1761 0.9881100000000022
1762 0.9881100000000022
1763 0.9881000000000022
1764 0.9880800000000022
1765 0.9880600000000023
1766 0.9880300000000022
1767 0.9880200000000021
1768 0.9880400000000021
1769 0.988060000000002
1770 0.988060000000002
1771 0.9880500000000021
1772 0.9880600000000023
1773 0.9880900000000021
1774 0.9881100000000022
1775 0.9881000000000022
1776 0.9880600000000023
1777 0.9880400000000022
1778 0.9880300000000023
1779 0.9880400000000022
1780 0.9880600000000024
1781 0.9880700000000026
1782 0.9880700000000026
1783 0.9880700000000026
1784 0.9880700000000026
1785 0.9880700000000026
1786 0.9880900000000026
1787 0.9881200000000024
1788 0.9881200000000024
1789 0.9880900000000026
1790 0.9880500000000024
1791 0.9880100000000024
1792 0.9879800000000024
1793 0.9879300000000025
1794 0.9878900000000026
1795 0.9878600000000027
1796 0.9878200000000028
1797 0.9877400000000028
1798 0.9876700000000028
1799 0.9876200000000029
1800 0.9875700000000031
1801 0.9875300000000031
1802 0.9874900000000032
1803 0.9874500000000032
1804 0.9873800000000031
1805 0.987340000000003
1806 0.9873200000000029
1807 0.987300000000003
1808 0.987260000000003
1809 0.9872000000000032
1810 0.987110000000003
1811 0.9870100000000029
1812 0.9869100000000028
1813 0.9868200000000028
1814 0.9867500000000028
1815 0.9866600000000029
1816 0.9865500000000029
1817 0.986440000000003
1818 0.9863400000000029
1819 0.9862500000000027
1820 0.9861700000000028
1821 0.9860800000000027
1822 0.9859800000000029
1823 0.9858800000000029
1824 0.9857700000000029
1825 0.9856500000000029
1826 0.9855400000000027
1827 0.9854500000000026
1828 0.9853700000000025
1829 0.9852900000000023
1830 0.9852000000000023
1831 0.9851000000000024
1832 0.9850000000000024
1833 0.9848900000000024
1834 0.9847900000000023
1835 0.9846800000000023
1836 0.9845800000000023
1837 0.9844900000000024
1838 0.9843900000000024
1839 0.9842600000000026
1840 0.9841400000000025
1841 0.9840500000000025
1842 0.9839600000000026
1843 0.9838800000000025
1844 0.9838000000000026
1845 0.9837500000000026
1846 0.9836800000000026
1847 0.9835900000000025
1848 0.9835100000000025
1849 0.9834500000000025
1850 0.9834000000000025
1851 0.9833300000000025
1852 0.9832700000000024
1853 0.9831900000000025
1854 0.9831000000000024
1855 0.9830000000000025
1856 0.9829200000000025
1857 0.9828500000000024
1858 0.9827700000000025
1859 0.9827100000000024
1860 0.9826600000000024
1861 0.9826000000000024
1862 0.9825200000000024
1863 0.9824800000000025
1864 0.9824600000000026
1865 0.9824300000000026
1866 0.9823900000000027
1867 0.9823500000000027
1868 0.9823000000000027
1869 0.9822500000000028
1870 0.9822100000000029
1871 0.9821800000000029
1872 0.982170000000003
1873 0.982130000000003
1874 0.9820900000000028
1875 0.9820700000000027
1876 0.9820500000000025
1877 0.9820300000000024
1878 0.9820400000000025
1879 0.9820300000000024
1880 0.9820100000000023
1881 0.9820000000000022
1882 0.9819900000000021
1883 0.9819900000000021
1884 0.9819800000000022
1885 0.9819700000000022
1886 0.9819400000000023
1887 0.9819100000000024
1888 0.9818700000000025
1889 0.9818300000000025
1890 0.9817900000000026
1891 0.9817500000000028
1892 0.9817200000000028
1893 0.9816900000000028
1894 0.981660000000003
1895 0.9816100000000031
1896 0.9815800000000031
1897 0.9815400000000031
1898 0.9815100000000031
1899 0.9815000000000031
1900 0.9814900000000032
1901 0.9814700000000032
1902 0.9814400000000033
1903 0.9814000000000032
1904 0.9813700000000031
1905 0.981340000000003
1906 0.9813200000000029
1907 0.9813200000000029
1908 0.9813000000000027
1909 0.9812700000000026
1910 0.9812300000000025
1911 0.9812000000000024
1912 0.9811900000000022
1913 0.9811900000000022
1914 0.9811800000000023
1915 0.9811900000000022
1916 0.9812000000000023
1917 0.9811900000000022
1918 0.9811800000000023
1919 0.9811700000000023
1920 0.9811500000000024
1921 0.9811300000000024
1922 0.9811100000000025
1923 0.9811400000000026
1924 0.9811600000000025
1925 0.9811500000000025
1926 0.9811000000000026
1927 0.9810700000000028
1928 0.9810400000000028
1929 0.9810200000000029
1930 0.9810200000000029
1931 0.9810000000000029
1932 0.980950000000003
1933 0.980880000000003
1934 0.9808200000000031
1935 0.9807800000000032
1936 0.9807900000000032
1937 0.9807900000000032
1938 0.9807700000000033
1939 0.9807400000000033
1940 0.9807300000000033
1941 0.9807300000000033
1942 0.9807100000000032
1943 0.9806800000000031
1944 0.980660000000003
1945 0.980650000000003
1946 0.980630000000003
1947 0.9806000000000031
1948 0.980580000000003
1949 0.980520000000003
1950 0.980440000000003
1951 0.9803800000000029
1952 0.980340000000003
1953 0.9802800000000031
1954 0.9802200000000033
1955 0.9801600000000033
1956 0.9800900000000032
1957 0.9800300000000032
1958 0.9799600000000032
1959 0.9799100000000032
1960 0.9798600000000031
1961 0.9797800000000031
1962 0.9797000000000031
1963 0.9796400000000031
1964 0.9795600000000031
1965 0.9794600000000029
1966 0.9793600000000028
1967 0.9792500000000027
1968 0.9791500000000027
1969 0.9790600000000028
1970 0.9789600000000028
1971 0.978860000000003
1972 0.9787700000000028
1973 0.9786900000000027
1974 0.9786100000000028
1975 0.9784900000000029
1976 0.9784000000000029
1977 0.9783300000000029
1978 0.9782600000000029
1979 0.9781800000000029
1980 0.9780800000000027
1981 0.9780000000000026
1982 0.9779100000000025
1983 0.9777900000000024
1984 0.9777000000000022
1985 0.9776300000000022
1986 0.9775100000000023
1987 0.9773900000000024
1988 0.9772400000000024
1989 0.9771200000000023
1990 0.9770300000000024
1991 0.9769000000000023
1992 0.9767800000000024
1993 0.9766500000000026
1994 0.9764900000000025
1995 0.9763400000000025
1996 0.9761900000000026
1997 0.9760000000000024
1998 0.9758500000000024
1999 0.9756800000000025
2000 0.9754900000000026
2001 0.9753000000000025
2002 0.9750700000000025
2003 0.9748900000000024
2004 0.9747000000000025
2005 0.9745000000000024
2006 0.9743100000000023
2007 0.9741700000000024
2008 0.9739800000000025
2009 0.9737700000000025
2010 0.9735500000000025
2011 0.9733600000000026
2012 0.9732100000000026
2013 0.9729900000000026
2014 0.9727500000000026
2015 0.9725200000000026
2016 0.9723000000000026
2017 0.9720300000000026
2018 0.9718100000000026
2019 0.9715800000000027
2020 0.9713500000000026
2021 0.9711400000000026
2022 0.9708800000000025
2023 0.9706600000000025
2024 0.9704600000000024
2025 0.9702200000000024
2026 0.9699900000000025
2027 0.9697600000000024
2028 0.9695300000000024
2029 0.9693100000000024
2030 0.9690600000000025
2031 0.9687800000000024
2032 0.9685400000000024
2033 0.9683000000000025
2034 0.9680600000000025
2035 0.9678100000000025
2036 0.9675400000000026
2037 0.9673000000000027
2038 0.9670500000000027
2039 0.9668000000000028
2040 0.9665700000000028
2041 0.9663400000000028
2042 0.9661400000000029
2043 0.965880000000003
2044 0.9656200000000028
2045 0.9654100000000028
2046 0.9652000000000027
2047 0.9649600000000028
2048 0.9647100000000026
2049 0.9644800000000027
2050 0.9643100000000026
2051 0.9641100000000027
2052 0.9638800000000026
2053 0.9636500000000027
2054 0.9634800000000027
2055 0.9632900000000028
2056 0.9630900000000027
2057 0.9629100000000026
2058 0.9627300000000026
2059 0.9625500000000027
2060 0.9623500000000028
2061 0.9621700000000027
2062 0.9619800000000026
2063 0.9618100000000027
2064 0.9616100000000027
2065 0.9614300000000027
2066 0.9612500000000027
2067 0.9610400000000027
2068 0.9608800000000027
2069 0.9607100000000027
2070 0.9605300000000027
2071 0.9603600000000027
2072 0.9601800000000027
2073 0.9600700000000026
2074 0.9599400000000026
2075 0.9598000000000028
2076 0.9596600000000027
2077 0.9595200000000027
2078 0.9593500000000027
2079 0.9591900000000028
2080 0.9590200000000028
2081 0.9588700000000028
2082 0.9587300000000027
2083 0.9585800000000028
2084 0.9584100000000028
2085 0.9582300000000028
2086 0.9580600000000029
2087 0.9579000000000029
2088 0.9577600000000028
2089 0.957620000000003
2090 0.957490000000003
2091 0.957330000000003
2092 0.957170000000003
2093 0.956980000000003
2094 0.9568100000000029
2095 0.9566700000000029
2096 0.9565200000000029
2097 0.9564100000000029
2098 0.9562700000000028
2099 0.9561200000000027
2100 0.9559500000000029
2101 0.9558200000000028
2102 0.9557100000000027
2103 0.9556000000000026
2104 0.9554900000000026
2105 0.9553700000000027
2106 0.9552300000000027
2107 0.9550700000000028
2108 0.9549300000000027
2109 0.9547800000000027
2110 0.9546100000000027
2111 0.9544100000000029
2112 0.9541800000000029
2113 0.9539700000000029
2114 0.9537800000000027
2115 0.9535800000000026
2116 0.9534000000000027
2117 0.9532000000000027
2118 0.9529800000000026
2119 0.9527900000000026
2120 0.9526400000000026
2121 0.9525000000000026
2122 0.9523600000000026
2123 0.9521900000000028
2124 0.9520100000000028
2125 0.9518500000000027
2126 0.9516700000000027
2127 0.9515200000000027
2128 0.9513700000000027
2129 0.9511900000000028
2130 0.9509900000000027
2131 0.9508000000000025
2132 0.9506400000000024
2133 0.9505100000000024
2134 0.9503400000000024
2135 0.9501800000000025
2136 0.9500900000000024
2137 0.9500000000000025
2138 0.9499200000000025
2139 0.9498800000000024
2140 0.9498700000000024
2141 0.9498700000000024
2142 0.9498700000000024
2143 0.9498900000000023
2144 0.9499600000000024
2145 0.9500400000000024
2146 0.9500900000000024
2147 0.9501600000000024
2148 0.9502600000000024
2149 0.9503800000000024
2150 0.9505000000000026
2151 0.9506500000000025
2152 0.9508300000000027
2153 0.9510100000000026
2154 0.9512000000000025
2155 0.9513900000000024
2156 0.9516200000000025
2157 0.9518600000000024
2158 0.9521300000000025
2159 0.9524200000000025
2160 0.9527300000000025
2161 0.9530100000000026
2162 0.9533000000000026
2163 0.9535700000000027
2164 0.9538800000000027
2165 0.9542200000000027
2166 0.9545600000000027
2167 0.9549300000000027
2168 0.9553000000000027
2169 0.9556400000000027
2170 0.9559900000000028
2171 0.9563900000000027
2172 0.9568000000000026
2173 0.9572300000000025
2174 0.9576100000000025
2175 0.9579900000000026
2176 0.9583700000000025
2177 0.9587400000000026
2178 0.9591200000000025
2179 0.9595100000000025
2180 0.9598700000000026
2181 0.9602200000000026
2182 0.9605000000000027
2183 0.9607900000000027
2184 0.9611300000000028
2185 0.9614900000000028
2186 0.9618400000000029
2187 0.9621600000000029
2188 0.9624300000000028
2189 0.9627100000000028
2190 0.9630100000000029
2191 0.9633000000000029
2192 0.9636400000000028
2193 0.9639600000000028
2194 0.9642600000000028
2195 0.9645100000000028
2196 0.9647500000000028
2197 0.9649900000000027
2198 0.9652500000000028
2199 0.9654900000000028
2200 0.9657600000000028
2201 0.9660200000000028
2202 0.9662500000000028
2203 0.9664800000000028
2204 0.9666800000000026
2205 0.9668700000000026
2206 0.9670600000000027
2207 0.9672500000000028
2208 0.9674300000000027
2209 0.9676100000000026
2210 0.9677400000000025
2211 0.9678200000000026
2212 0.9679100000000025
2213 0.9680300000000026
2214 0.9681600000000026
2215 0.9683000000000026
2216 0.9684200000000025
2217 0.9685300000000024
2218 0.9686300000000024
2219 0.9687000000000024
2220 0.9687600000000025
2221 0.9688500000000024
2222 0.9689400000000024
2223 0.9689600000000024
2224 0.9689600000000024
2225 0.9689800000000023
2226 0.9690100000000024
2227 0.9690500000000025
2228 0.9690900000000026
2229 0.9691300000000027
2230 0.9691900000000027
2231 0.9692400000000028
2232 0.9692500000000029
2233 0.969280000000003
2234 0.9693300000000031
2235 0.9693500000000033
2236 0.9693600000000032
2237 0.9693500000000033
2238 0.9693000000000032
2239 0.9692300000000031
2240 0.9691500000000032
2241 0.9690700000000032
2242 0.9690000000000032
2243 0.9689400000000031
2244 0.9688700000000031
2245 0.9687800000000031
2246 0.9686900000000032
2247 0.9686000000000032
2248 0.9685100000000032
2249 0.9684500000000031
2250 0.9684000000000031
2251 0.968350000000003
2252 0.968310000000003
2253 0.9682500000000029
2254 0.9681900000000029
2255 0.9681600000000028
2256 0.9681100000000027
2257 0.9680400000000027
2258 0.9679800000000027
2259 0.9679200000000027
2260 0.9678500000000027
2261 0.9677800000000026
2262 0.9676900000000026
2263 0.9676000000000027
2264 0.9675300000000027
2265 0.9674400000000027
2266 0.9673300000000026
2267 0.9672200000000025
2268 0.9671300000000025
2269 0.9670400000000026
2270 0.9669400000000026
2271 0.9668200000000027
2272 0.9667100000000028
2273 0.9666100000000026
2274 0.9665100000000028
2275 0.9664000000000028
2276 0.9662800000000029
2277 0.9661800000000029
2278 0.966090000000003
2279 0.965990000000003
2280 0.9658800000000032
2281 0.9657900000000031
2282 0.9657000000000032
2283 0.9655600000000032
2284 0.9653700000000031
2285 0.965190000000003
2286 0.9650600000000029
2287 0.9649100000000029
2288 0.964730000000003
2289 0.9645400000000028
2290 0.9643700000000027
2291 0.9641900000000027
2292 0.9640100000000027
2293 0.9638500000000028
2294 0.9636800000000028
2295 0.9635000000000028
2296 0.9633300000000029
2297 0.9631700000000029
2298 0.9630100000000029
2299 0.962830000000003
2300 0.962640000000003
2301 0.9624600000000031
2302 0.9622700000000031
2303 0.9620800000000029
2304 0.9618800000000028
2305 0.9617000000000028
2306 0.9615200000000028
2307 0.9613200000000027
2308 0.9611200000000026
2309 0.9609300000000026
2310 0.9607200000000026
2311 0.9605200000000025
2312 0.9603200000000026
2313 0.9601500000000026
2314 0.9599900000000027
2315 0.9597900000000028
2316 0.9595900000000027
2317 0.9594000000000028
2318 0.9592000000000027
2319 0.9589800000000028
2320 0.9587700000000028
2321 0.9585700000000029
2322 0.958390000000003
2323 0.9581800000000029
2324 0.957980000000003
2325 0.957790000000003
2326 0.957580000000003
2327 0.9573700000000029
2328 0.957190000000003
2329 0.9569900000000029
2330 0.9567800000000031
2331 0.956560000000003
2332 0.9563100000000031
2333 0.956030000000003
2334 0.955800000000003
2335 0.9555600000000031
2336 0.955330000000003
2337 0.955120000000003
2338 0.954870000000003
2339 0.9547000000000031
2340 0.954510000000003
2341 0.9542400000000029
2342 0.9540200000000029
2343 0.953850000000003
2344 0.9536200000000029
2345 0.953390000000003
2346 0.953140000000003
2347 0.952910000000003
2348 0.9527200000000029
2349 0.9525000000000029
2350 0.9523200000000029
2351 0.9521800000000029
2352 0.952020000000003
2353 0.9518700000000029
2354 0.9517500000000029
2355 0.9516400000000029
2356 0.951550000000003
2357 0.9514000000000029
2358 0.951270000000003
2359 0.9511200000000029
2360 0.9509700000000029
2361 0.950850000000003
2362 0.9507300000000031
2363 0.950590000000003
2364 0.9504900000000032
2365 0.9503500000000031
2366 0.9502200000000031
2367 0.9501200000000031
2368 0.9499800000000033
2369 0.9498300000000033
2370 0.9496900000000033
2371 0.9495700000000031
2372 0.9494400000000031
2373 0.9493200000000032
2374 0.9492400000000032
2375 0.9491900000000031
2376 0.9490800000000033
2377 0.9489700000000031
2378 0.948870000000003
2379 0.948830000000003
2380 0.9487700000000029
2381 0.9487100000000028
2382 0.9486500000000028
2383 0.9485700000000028
2384 0.9484000000000027
2385 0.9482800000000028
2386 0.9482800000000028
2387 0.9482400000000029
2388 0.9482000000000029
2389 0.9481300000000029
2390 0.948110000000003
2391 0.9480500000000032
2392 0.9479800000000032
2393 0.947930000000003
2394 0.947930000000003
2395 0.947890000000003
2396 0.9477900000000028
2397 0.9477600000000027
2398 0.9477000000000027
2399 0.9476500000000027
2400 0.9475900000000026
2401 0.9475600000000025
2402 0.9475100000000026
2403 0.9474500000000026
2404 0.9473700000000026
2405 0.9473100000000025
2406 0.9472800000000026
2407 0.9472200000000026
2408 0.9472200000000026
2409 0.9472500000000025
2410 0.9472100000000025
2411 0.9471000000000027
2412 0.9470800000000026
2413 0.9470600000000026
2414 0.9470100000000027
2415 0.9470000000000027
2416 0.9470000000000027
2417 0.9470600000000028
2418 0.9470300000000028
2419 0.9469300000000029
2420 0.9468800000000028
2421 0.9469100000000028
2422 0.9468800000000028
2423 0.9468900000000028
2424 0.9469500000000028
2425 0.9469300000000029
2426 0.9468600000000029
2427 0.9466900000000027
2428 0.9466600000000026
2429 0.9466900000000026
2430 0.9466700000000026
2431 0.9466100000000026
2432 0.9465700000000025
2433 0.9465900000000025
2434 0.9464900000000023
2435 0.9464600000000024
2436 0.9464900000000023
2437 0.9465400000000024
2438 0.9465400000000024
2439 0.9464700000000024
2440 0.9464200000000023
2441 0.9464800000000023
2442 0.9465500000000023
2443 0.9465700000000025
2444 0.9466400000000025
2445 0.9467000000000023
2446 0.9466400000000025
2447 0.9465500000000026
2448 0.9466300000000025
2449 0.9467000000000025
2450 0.9467700000000026
2451 0.9466800000000026
2452 0.9466400000000027
2453 0.9466200000000026
2454 0.9465000000000027
2455 0.9464400000000028
2456 0.9465200000000028
2457 0.9466200000000027
2458 0.9465400000000027
2459 0.9465300000000028
2460 0.9464200000000027
2461 0.9464400000000026
2462 0.9465100000000026
2463 0.9464600000000027
2464 0.9465000000000027
2465 0.9465500000000026
2466 0.9464600000000024
2467 0.9463300000000023
2468 0.9462100000000024
2469 0.9461300000000025
2470 0.9463200000000025
2471 0.9463500000000027
2472 0.9461700000000025
2473 0.9461900000000025
2474 0.9463000000000026
2475 0.9463500000000027
2476 0.9463600000000028
2477 0.9464300000000028
2478 0.9467200000000027
2479 0.9468800000000026
2480 0.9467200000000027
2481 0.9465700000000027
2482 0.9469200000000028
2483 0.9467200000000027
2484 0.9467200000000027
2485 0.9468500000000027
2486 0.9467200000000027
2487 0.9469100000000028
2488 0.9467200000000029
2489 0.9464900000000028
2490 0.9463000000000028
2491 0.9465300000000028
2492 0.9462400000000027
2493 0.9461600000000028
2494 0.9460000000000027
2495 0.9456200000000028
2496 0.9458800000000027
2497 0.9455700000000027
2498 0.9458100000000027
2499 0.9456000000000028
2500 0.9456200000000029
