GA 10" Labsphere panel
Serial # Serial Number : 99AA03-0319-1952	
Comments : Labsphere cal only - This data is for reference only	


Wavelength	K-factor
250	0.9693
251	0.9686
252	0.9689
253	0.9710
254	0.9711
255	0.9705
256	0.9699
257	0.9717
258	0.9733
259	0.9735
260	0.9735
261	0.9735
262	0.9755
263	0.9766
264	0.9773
265	0.9774
266	0.9782
267	0.9779
268	0.9789
269	0.9793
270	0.9789
271	0.9805
272	0.9800
273	0.9804
274	0.9807
275	0.9809
276	0.9831
277	0.9814
278	0.9832
279	0.9830
280	0.9833
281	0.9846
282	0.9852
283	0.9862
284	0.9866
285	0.9861
286	0.9861
287	0.9866
288	0.9868
289	0.9867
290	0.9879
291	0.9870
292	0.9872
293	0.9873
294	0.9891
295	0.9882
296	0.9884
297	0.9881
298	0.9878
299	0.9877
300	0.9889
301	0.9886
302	0.9876
303	0.9888
304	0.9894
305	0.9899
306	0.9911
307	0.9890
308	0.9891
309	0.9893
310	0.9900
311	0.9904
312	0.9896
313	0.9896
314	0.9897
315	0.9916
316	0.9892
317	0.9897
318	0.9901
319	0.9901
320	0.9920
321	0.9967
322	0.9919
323	0.9875
324	0.9897
325	0.9938
326	0.9903
327	0.9922
328	0.9907
329	0.9920
330	0.9934
331	0.9918
332	0.9904
333	0.9912
334	0.9926
335	0.9910
336	0.9928
337	0.9911
338	0.9911
339	0.9918
340	0.9930
341	0.9942
342	0.9929
343	0.9921
344	0.9931
345	0.9937
346	0.9933
347	0.9935
348	0.9934
349	0.9943
350	0.9928
351	0.9928
352	0.9940
353	0.9948
354	0.9950
355	0.9950
356	0.9942
357	0.9944
358	0.9939
359	0.9935
360	0.9940
361	0.9949
362	0.9946
363	0.9929
364	0.9938
365	0.9947
366	0.9928
367	0.9926
368	0.9924
369	0.9948
370	0.9952
371	0.9936
372	0.9926
373	0.9943
374	0.9955
375	0.9941
376	0.9931
377	0.9935
378	0.9922
379	0.9928
380	0.9934
381	0.9931
382	0.9939
383	0.9937
384	0.9936
385	0.9938
386	0.9932
387	0.9941
388	0.9940
389	0.9941
390	0.9938
391	0.9935
392	0.9936
393	0.9934
394	0.9931
395	0.9936
396	0.9940
397	0.9941
398	0.9941
399	0.9938
400	0.9940
401	0.9934
402	0.9934
403	0.9935
404	0.9937
405	0.9940
406	0.9939
407	0.9937
408	0.9937
409	0.9940
410	0.9940
411	0.9936
412	0.9936
413	0.9938
414	0.9939
415	0.9939
416	0.9935
417	0.9938
418	0.9937
419	0.9934
420	0.9936
421	0.9933
422	0.9931
423	0.9934
424	0.9934
425	0.9931
426	0.9933
427	0.9935
428	0.9935
429	0.9929
430	0.9928
431	0.9933
432	0.9936
433	0.9932
434	0.9932
435	0.9931
436	0.9929
437	0.9930
438	0.9930
439	0.9931
440	0.9932
441	0.9931
442	0.9929
443	0.9926
444	0.9929
445	0.9936
446	0.9935
447	0.9931
448	0.9927
449	0.9926
450	0.9927
451	0.9931
452	0.9930
453	0.9925
454	0.9928
455	0.9929
456	0.9928
457	0.9928
458	0.9929
459	0.9928
460	0.9927
461	0.9932
462	0.9931
463	0.9930
464	0.9935
465	0.9933
466	0.9928
467	0.9928
468	0.9929
469	0.9930
470	0.9931
471	0.9930
472	0.9928
473	0.9927
474	0.9929
475	0.9932
476	0.9932
477	0.9931
478	0.9931
479	0.9930
480	0.9932
481	0.9932
482	0.9930
483	0.9930
484	0.9929
485	0.9930
486	0.9931
487	0.9932
488	0.9935
489	0.9930
490	0.9929
491	0.9935
492	0.9937
493	0.9936
494	0.9936
495	0.9933
496	0.9935
497	0.9935
498	0.9934
499	0.9936
500	0.9937
501	0.9938
502	0.9937
503	0.9935
504	0.9933
505	0.9935
506	0.9936
507	0.9934
508	0.9935
509	0.9938
510	0.9938
511	0.9936
512	0.9934
513	0.9936
514	0.9937
515	0.9936
516	0.9933
517	0.9933
518	0.9936
519	0.9936
520	0.9936
521	0.9934
522	0.9936
523	0.9934
524	0.9934
525	0.9935
526	0.9932
527	0.9932
528	0.9931
529	0.9932
530	0.9932
531	0.9934
532	0.9936
533	0.9935
534	0.9934
535	0.9933
536	0.9933
537	0.9934
538	0.9932
539	0.9936
540	0.9935
541	0.9932
542	0.9936
543	0.9935
544	0.9935
545	0.9935
546	0.9937
547	0.9933
548	0.9932
549	0.9934
550	0.9935
551	0.9928
552	0.9931
553	0.9931
554	0.9932
555	0.9934
556	0.9933
557	0.9933
558	0.9935
559	0.9931
560	0.9931
561	0.9928
562	0.9931
563	0.9933
564	0.9932
565	0.9935
566	0.9930
567	0.9930
568	0.9933
569	0.9931
570	0.9932
571	0.9934
572	0.9933
573	0.9930
574	0.9934
575	0.9933
576	0.9931
577	0.9934
578	0.9930
579	0.9932
580	0.9932
581	0.9927
582	0.9930
583	0.9929
584	0.9931
585	0.9936
586	0.9933
587	0.9933
588	0.9932
589	0.9932
590	0.9932
591	0.9933
592	0.9931
593	0.9933
594	0.9931
595	0.9929
596	0.9934
597	0.9935
598	0.9930
599	0.9929
600	0.9934
601	0.9935
602	0.9930
603	0.9933
604	0.9930
605	0.9932
606	0.9938
607	0.9930
608	0.9933
609	0.9931
610	0.9927
611	0.9925
612	0.9933
613	0.9929
614	0.9934
615	0.9932
616	0.9935
617	0.9936
618	0.9932
619	0.9931
620	0.9931
621	0.9931
622	0.9932
623	0.9930
624	0.9931
625	0.9939
626	0.9937
627	0.9930
628	0.9930
629	0.9931
630	0.9928
631	0.9935
632	0.9931
633	0.9931
634	0.9931
635	0.9931
636	0.9930
637	0.9926
638	0.9932
639	0.9930
640	0.9936
641	0.9929
642	0.9932
643	0.9933
644	0.9936
645	0.9930
646	0.9928
647	0.9926
648	0.9932
649	0.9928
650	0.9931
651	0.9939
652	0.9935
653	0.9932
654	0.9927
655	0.9935
656	0.9936
657	0.9929
658	0.9939
659	0.9931
660	0.9928
661	0.9926
662	0.9929
663	0.9937
664	0.9934
665	0.9935
666	0.9935
667	0.9933
668	0.9927
669	0.9933
670	0.9937
671	0.9935
672	0.9934
673	0.9934
674	0.9934
675	0.9931
676	0.9939
677	0.9938
678	0.9933
679	0.9935
680	0.9928
681	0.9933
682	0.9927
683	0.9926
684	0.9927
685	0.9930
686	0.9933
687	0.9932
688	0.9932
689	0.9926
690	0.9929
691	0.9930
692	0.9927
693	0.9927
694	0.9932
695	0.9937
696	0.9931
697	0.9930
698	0.9929
699	0.9931
700	0.9926
701	0.9925
702	0.9928
703	0.9936
704	0.9930
705	0.9924
706	0.9930
707	0.9931
708	0.9931
709	0.9932
710	0.9927
711	0.9932
712	0.9930
713	0.9931
714	0.9928
715	0.9926
716	0.9930
717	0.9931
718	0.9925
719	0.9926
720	0.9935
721	0.9930
722	0.9932
723	0.9935
724	0.9933
725	0.9932
726	0.9930
727	0.9928
728	0.9931
729	0.9928
730	0.9930
731	0.9930
732	0.9931
733	0.9931
734	0.9930
735	0.9932
736	0.9927
737	0.9927
738	0.9925
739	0.9930
740	0.9931
741	0.9931
742	0.9935
743	0.9930
744	0.9928
745	0.9932
746	0.9929
747	0.9926
748	0.9930
749	0.9928
750	0.9925
751	0.9926
752	0.9929
753	0.9928
754	0.9927
755	0.9929
756	0.9927
757	0.9929
758	0.9929
759	0.9926
760	0.9930
761	0.9935
762	0.9936
763	0.9934
764	0.9928
765	0.9926
766	0.9925
767	0.9929
768	0.9927
769	0.9931
770	0.9929
771	0.9926
772	0.9929
773	0.9933
774	0.9936
775	0.9929
776	0.9927
777	0.9928
778	0.9924
779	0.9922
780	0.9921
781	0.9926
782	0.9936
783	0.9933
784	0.9926
785	0.9928
786	0.9933
787	0.9926
788	0.9927
789	0.9930
790	0.9928
791	0.9926
792	0.9928
793	0.9931
794	0.9932
795	0.9927
796	0.9930
797	0.9931
798	0.9930
799	0.9926
800	0.9930
801	0.9935
802	0.9928
803	0.9924
804	0.9922
805	0.9921
806	0.9933
807	0.9938
808	0.9933
809	0.9930
810	0.9928
811	0.9922
812	0.9920
813	0.9929
814	0.9927
815	0.9924
816	0.9931
817	0.9935
818	0.9924
819	0.9924
820	0.9926
821	0.9930
822	0.9935
823	0.9934
824	0.9926
825	0.9926
826	0.9932
827	0.9937
828	0.9936
829	0.9932
830	0.9929
831	0.9927
832	0.9925
833	0.9924
834	0.9926
835	0.9924
836	0.9925
837	0.9925
838	0.9932
839	0.9937
840	0.9932
841	0.9930
842	0.9929
843	0.9927
844	0.9922
845	0.9923
846	0.9926
847	0.9929
848	0.9929
849	0.9932
850	0.9934
851	0.9927
852	0.9927
853	0.9927
854	0.9923
855	0.9934
856	0.9928
857	0.9925
858	0.9924
859	0.9922
860	0.9941
861	0.9942
862	0.9934
863	0.9932
864	0.9932
865	0.9932
866	0.9933
867	0.9933
868	0.9933
869	0.9935
870	0.9936
871	0.9935
872	0.9934
873	0.9935
874	0.9935
875	0.9935
876	0.9934
877	0.9932
878	0.9931
879	0.9932
880	0.9933
881	0.9934
882	0.9934
883	0.9932
884	0.9934
885	0.9935
886	0.9933
887	0.9933
888	0.9934
889	0.9933
890	0.9935
891	0.9936
892	0.9935
893	0.9935
894	0.9935
895	0.9935
896	0.9935
897	0.9933
898	0.9933
899	0.9934
900	0.9935
901	0.9935
902	0.9936
903	0.9936
904	0.9935
905	0.9933
906	0.9930
907	0.9930
908	0.9932
909	0.9933
910	0.9935
911	0.9935
912	0.9934
913	0.9933
914	0.9935
915	0.9932
916	0.9931
917	0.9933
918	0.9934
919	0.9934
920	0.9934
921	0.9933
922	0.9931
923	0.9933
924	0.9933
925	0.9932
926	0.9933
927	0.9934
928	0.9932
929	0.9931
930	0.9931
931	0.9932
932	0.9933
933	0.9932
934	0.9933
935	0.9933
936	0.9933
937	0.9934
938	0.9933
939	0.9933
940	0.9932
941	0.9932
942	0.9932
943	0.9933
944	0.9933
945	0.9932
946	0.9934
947	0.9935
948	0.9934
949	0.9934
950	0.9933
951	0.9933
952	0.9933
953	0.9932
954	0.9931
955	0.9929
956	0.9930
957	0.9931
958	0.9930
959	0.9931
960	0.9933
961	0.9930
962	0.9933
963	0.9933
964	0.9931
965	0.9933
966	0.9934
967	0.9935
968	0.9932
969	0.9931
970	0.9931
971	0.9933
972	0.9935
973	0.9931
974	0.9931
975	0.9934
976	0.9934
977	0.9936
978	0.9933
979	0.9933
980	0.9932
981	0.9933
982	0.9932
983	0.9932
984	0.9932
985	0.9932
986	0.9933
987	0.9933
988	0.9934
989	0.9933
990	0.9933
991	0.9933
992	0.9935
993	0.9934
994	0.9931
995	0.9932
996	0.9933
997	0.9932
998	0.9930
999	0.9930
1000	0.9932
1001	0.9933
1002	0.9934
1003	0.9931
1004	0.9930
1005	0.9930
1006	0.9933
1007	0.9932
1008	0.9932
1009	0.9931
1010	0.9934
1011	0.9933
1012	0.9931
1013	0.9930
1014	0.9932
1015	0.9931
1016	0.9931
1017	0.9931
1018	0.9930
1019	0.9930
1020	0.9929
1021	0.9931
1022	0.9931
1023	0.9931
1024	0.9932
1025	0.9932
1026	0.9933
1027	0.9934
1028	0.9933
1029	0.9931
1030	0.9932
1031	0.9931
1032	0.9928
1033	0.9933
1034	0.9934
1035	0.9930
1036	0.9930
1037	0.9931
1038	0.9931
1039	0.9929
1040	0.9931
1041	0.9932
1042	0.9931
1043	0.9932
1044	0.9933
1045	0.9932
1046	0.9930
1047	0.9930
1048	0.9931
1049	0.9930
1050	0.9930
1051	0.9932
1052	0.9932
1053	0.9933
1054	0.9932
1055	0.9932
1056	0.9934
1057	0.9931
1058	0.9932
1059	0.9930
1060	0.9930
1061	0.9931
1062	0.9933
1063	0.9932
1064	0.9932
1065	0.9933
1066	0.9931
1067	0.9931
1068	0.9930
1069	0.9930
1070	0.9931
1071	0.9930
1072	0.9932
1073	0.9931
1074	0.9931
1075	0.9932
1076	0.9932
1077	0.9933
1078	0.9936
1079	0.9933
1080	0.9931
1081	0.9933
1082	0.9931
1083	0.9932
1084	0.9931
1085	0.9933
1086	0.9933
1087	0.9934
1088	0.9932
1089	0.9934
1090	0.9932
1091	0.9932
1092	0.9932
1093	0.9932
1094	0.9933
1095	0.9933
1096	0.9933
1097	0.9933
1098	0.9933
1099	0.9932
1100	0.9931
1101	0.9931
1102	0.9929
1103	0.9930
1104	0.9932
1105	0.9932
1106	0.9932
1107	0.9933
1108	0.9932
1109	0.9932
1110	0.9933
1111	0.9931
1112	0.9929
1113	0.9927
1114	0.9931
1115	0.9931
1116	0.9933
1117	0.9932
1118	0.9933
1119	0.9933
1120	0.9933
1121	0.9933
1122	0.9932
1123	0.9931
1124	0.9931
1125	0.9930
1126	0.9930
1127	0.9930
1128	0.9931
1129	0.9931
1130	0.9933
1131	0.9934
1132	0.9930
1133	0.9931
1134	0.9931
1135	0.9931
1136	0.9929
1137	0.9930
1138	0.9932
1139	0.9934
1140	0.9932
1141	0.9931
1142	0.9931
1143	0.9932
1144	0.9931
1145	0.9931
1146	0.9932
1147	0.9932
1148	0.9932
1149	0.9930
1150	0.9931
1151	0.9931
1152	0.9928
1153	0.9929
1154	0.9930
1155	0.9928
1156	0.9930
1157	0.9930
1158	0.9929
1159	0.9928
1160	0.9926
1161	0.9927
1162	0.9928
1163	0.9928
1164	0.9929
1165	0.9927
1166	0.9928
1167	0.9929
1168	0.9928
1169	0.9926
1170	0.9926
1171	0.9926
1172	0.9927
1173	0.9926
1174	0.9926
1175	0.9926
1176	0.9924
1177	0.9925
1178	0.9926
1179	0.9926
1180	0.9926
1181	0.9926
1182	0.9925
1183	0.9923
1184	0.9924
1185	0.9926
1186	0.9925
1187	0.9924
1188	0.9922
1189	0.9922
1190	0.9923
1191	0.9925
1192	0.9925
1193	0.9923
1194	0.9922
1195	0.9921
1196	0.9921
1197	0.9922
1198	0.9922
1199	0.9922
1200	0.9921
1201	0.9920
1202	0.9921
1203	0.9920
1204	0.9920
1205	0.9921
1206	0.9921
1207	0.9921
1208	0.9922
1209	0.9923
1210	0.9921
1211	0.9918
1212	0.9919
1213	0.9920
1214	0.9918
1215	0.9918
1216	0.9918
1217	0.9918
1218	0.9920
1219	0.9920
1220	0.9921
1221	0.9921
1222	0.9920
1223	0.9919
1224	0.9919
1225	0.9921
1226	0.9921
1227	0.9920
1228	0.9922
1229	0.9922
1230	0.9921
1231	0.9921
1232	0.9921
1233	0.9921
1234	0.9921
1235	0.9921
1236	0.9920
1237	0.9919
1238	0.9920
1239	0.9922
1240	0.9922
1241	0.9920
1242	0.9920
1243	0.9920
1244	0.9921
1245	0.9921
1246	0.9920
1247	0.9919
1248	0.9919
1249	0.9921
1250	0.9920
1251	0.9920
1252	0.9920
1253	0.9918
1254	0.9920
1255	0.9920
1256	0.9919
1257	0.9918
1258	0.9916
1259	0.9917
1260	0.9918
1261	0.9918
1262	0.9918
1263	0.9919
1264	0.9919
1265	0.9917
1266	0.9916
1267	0.9918
1268	0.9918
1269	0.9918
1270	0.9918
1271	0.9916
1272	0.9916
1273	0.9918
1274	0.9916
1275	0.9915
1276	0.9914
1277	0.9912
1278	0.9913
1279	0.9913
1280	0.9914
1281	0.9916
1282	0.9915
1283	0.9914
1284	0.9915
1285	0.9916
1286	0.9915
1287	0.9914
1288	0.9915
1289	0.9916
1290	0.9915
1291	0.9914
1292	0.9912
1293	0.9911
1294	0.9913
1295	0.9915
1296	0.9913
1297	0.9911
1298	0.9909
1299	0.9910
1300	0.9910
1301	0.9909
1302	0.9910
1303	0.9911
1304	0.9910
1305	0.9909
1306	0.9907
1307	0.9906
1308	0.9908
1309	0.9909
1310	0.9908
1311	0.9906
1312	0.9906
1313	0.9907
1314	0.9907
1315	0.9906
1316	0.9907
1317	0.9905
1318	0.9905
1319	0.9905
1320	0.9904
1321	0.9905
1322	0.9906
1323	0.9906
1324	0.9905
1325	0.9905
1326	0.9904
1327	0.9903
1328	0.9902
1329	0.9902
1330	0.9904
1331	0.9904
1332	0.9902
1333	0.9901
1334	0.9901
1335	0.9901
1336	0.9901
1337	0.9902
1338	0.9902
1339	0.9902
1340	0.9902
1341	0.9902
1342	0.9900
1343	0.9900
1344	0.9903
1345	0.9902
1346	0.9899
1347	0.9899
1348	0.9902
1349	0.9902
1350	0.9901
1351	0.9901
1352	0.9900
1353	0.9899
1354	0.9900
1355	0.9899
1356	0.9899
1357	0.9899
1358	0.9899
1359	0.9899
1360	0.9898
1361	0.9898
1362	0.9899
1363	0.9900
1364	0.9901
1365	0.9901
1366	0.9900
1367	0.9900
1368	0.9900
1369	0.9899
1370	0.9900
1371	0.9899
1372	0.9898
1373	0.9899
1374	0.9901
1375	0.9897
1376	0.9897
1377	0.9898
1378	0.9900
1379	0.9899
1380	0.9900
1381	0.9899
1382	0.9898
1383	0.9899
1384	0.9898
1385	0.9898
1386	0.9898
1387	0.9899
1388	0.9896
1389	0.9896
1390	0.9898
1391	0.9897
1392	0.9899
1393	0.9899
1394	0.9899
1395	0.9898
1396	0.9897
1397	0.9896
1398	0.9899
1399	0.9898
1400	0.9897
1401	0.9898
1402	0.9898
1403	0.9897
1404	0.9899
1405	0.9900
1406	0.9899
1407	0.9899
1408	0.9898
1409	0.9899
1410	0.9902
1411	0.9903
1412	0.9901
1413	0.9900
1414	0.9902
1415	0.9902
1416	0.9902
1417	0.9901
1418	0.9902
1419	0.9903
1420	0.9904
1421	0.9906
1422	0.9908
1423	0.9908
1424	0.9906
1425	0.9906
1426	0.9906
1427	0.9906
1428	0.9906
1429	0.9906
1430	0.9905
1431	0.9908
1432	0.9909
1433	0.9909
1434	0.9905
1435	0.9906
1436	0.9906
1437	0.9907
1438	0.9906
1439	0.9903
1440	0.9903
1441	0.9906
1442	0.9908
1443	0.9906
1444	0.9908
1445	0.9907
1446	0.9908
1447	0.9907
1448	0.9907
1449	0.9909
1450	0.9909
1451	0.9910
1452	0.9909
1453	0.9908
1454	0.9908
1455	0.9906
1456	0.9909
1457	0.9909
1458	0.9910
1459	0.9910
1460	0.9908
1461	0.9908
1462	0.9908
1463	0.9907
1464	0.9907
1465	0.9906
1466	0.9909
1467	0.9909
1468	0.9911
1469	0.9910
1470	0.9910
1471	0.9910
1472	0.9911
1473	0.9910
1474	0.9908
1475	0.9906
1476	0.9906
1477	0.9909
1478	0.9908
1479	0.9909
1480	0.9909
1481	0.9907
1482	0.9908
1483	0.9910
1484	0.9907
1485	0.9909
1486	0.9910
1487	0.9908
1488	0.9911
1489	0.9910
1490	0.9907
1491	0.9910
1492	0.9910
1493	0.9909
1494	0.9909
1495	0.9908
1496	0.9909
1497	0.9910
1498	0.9907
1499	0.9908
1500	0.9909
1501	0.9910
1502	0.9909
1503	0.9907
1504	0.9911
1505	0.9910
1506	0.9908
1507	0.9907
1508	0.9908
1509	0.9908
1510	0.9908
1511	0.9907
1512	0.9907
1513	0.9909
1514	0.9907
1515	0.9907
1516	0.9909
1517	0.9907
1518	0.9906
1519	0.9909
1520	0.9909
1521	0.9908
1522	0.9908
1523	0.9907
1524	0.9908
1525	0.9908
1526	0.9905
1527	0.9908
1528	0.9910
1529	0.9910
1530	0.9908
1531	0.9907
1532	0.9906
1533	0.9906
1534	0.9907
1535	0.9908
1536	0.9909
1537	0.9904
1538	0.9905
1539	0.9907
1540	0.9911
1541	0.9907
1542	0.9903
1543	0.9904
1544	0.9907
1545	0.9908
1546	0.9908
1547	0.9907
1548	0.9907
1549	0.9907
1550	0.9909
1551	0.9908
1552	0.9907
1553	0.9907
1554	0.9906
1555	0.9905
1556	0.9907
1557	0.9907
1558	0.9908
1559	0.9908
1560	0.9908
1561	0.9904
1562	0.9904
1563	0.9905
1564	0.9907
1565	0.9906
1566	0.9907
1567	0.9906
1568	0.9906
1569	0.9908
1570	0.9908
1571	0.9908
1572	0.9910
1573	0.9909
1574	0.9909
1575	0.9908
1576	0.9908
1577	0.9907
1578	0.9908
1579	0.9909
1580	0.9910
1581	0.9908
1582	0.9908
1583	0.9907
1584	0.9908
1585	0.9907
1586	0.9906
1587	0.9906
1588	0.9906
1589	0.9908
1590	0.9908
1591	0.9907
1592	0.9906
1593	0.9905
1594	0.9906
1595	0.9910
1596	0.9907
1597	0.9906
1598	0.9907
1599	0.9906
1600	0.9907
1601	0.9904
1602	0.9906
1603	0.9907
1604	0.9907
1605	0.9907
1606	0.9905
1607	0.9904
1608	0.9904
1609	0.9904
1610	0.9905
1611	0.9904
1612	0.9904
1613	0.9905
1614	0.9904
1615	0.9905
1616	0.9904
1617	0.9904
1618	0.9903
1619	0.9902
1620	0.9901
1621	0.9901
1622	0.9900
1623	0.9900
1624	0.9900
1625	0.9899
1626	0.9901
1627	0.9900
1628	0.9900
1629	0.9899
1630	0.9897
1631	0.9898
1632	0.9899
1633	0.9897
1634	0.9898
1635	0.9899
1636	0.9898
1637	0.9899
1638	0.9897
1639	0.9895
1640	0.9895
1641	0.9896
1642	0.9897
1643	0.9896
1644	0.9895
1645	0.9896
1646	0.9894
1647	0.9893
1648	0.9893
1649	0.9893
1650	0.9892
1651	0.9893
1652	0.9895
1653	0.9895
1654	0.9894
1655	0.9893
1656	0.9893
1657	0.9892
1658	0.9891
1659	0.9890
1660	0.9891
1661	0.9892
1662	0.9890
1663	0.9890
1664	0.9890
1665	0.9889
1666	0.9887
1667	0.9888
1668	0.9889
1669	0.9887
1670	0.9885
1671	0.9886
1672	0.9886
1673	0.9886
1674	0.9885
1675	0.9885
1676	0.9886
1677	0.9885
1678	0.9882
1679	0.9882
1680	0.9884
1681	0.9884
1682	0.9884
1683	0.9883
1684	0.9882
1685	0.9883
1686	0.9882
1687	0.9880
1688	0.9880
1689	0.9880
1690	0.9880
1691	0.9879
1692	0.9880
1693	0.9880
1694	0.9879
1695	0.9881
1696	0.9881
1697	0.9879
1698	0.9878
1699	0.9877
1700	0.9878
1701	0.9878
1702	0.9879
1703	0.9878
1704	0.9878
1705	0.9877
1706	0.9876
1707	0.9876
1708	0.9876
1709	0.9877
1710	0.9877
1711	0.9876
1712	0.9875
1713	0.9877
1714	0.9878
1715	0.9878
1716	0.9877
1717	0.9875
1718	0.9876
1719	0.9877
1720	0.9876
1721	0.9874
1722	0.9875
1723	0.9875
1724	0.9876
1725	0.9875
1726	0.9874
1727	0.9876
1728	0.9876
1729	0.9876
1730	0.9875
1731	0.9876
1732	0.9875
1733	0.9875
1734	0.9876
1735	0.9876
1736	0.9876
1737	0.9877
1738	0.9877
1739	0.9878
1740	0.9880
1741	0.9879
1742	0.9877
1743	0.9877
1744	0.9876
1745	0.9877
1746	0.9879
1747	0.9880
1748	0.9879
1749	0.9879
1750	0.9879
1751	0.9880
1752	0.9881
1753	0.9880
1754	0.9881
1755	0.9882
1756	0.9884
1757	0.9881
1758	0.9879
1759	0.9879
1760	0.9881
1761	0.9883
1762	0.9881
1763	0.9879
1764	0.9879
1765	0.9880
1766	0.9881
1767	0.9880
1768	0.9881
1769	0.9881
1770	0.9881
1771	0.9882
1772	0.9882
1773	0.9882
1774	0.9881
1775	0.9879
1776	0.9877
1777	0.9878
1778	0.9880
1779	0.9882
1780	0.9883
1781	0.9883
1782	0.9882
1783	0.9882
1784	0.9881
1785	0.9879
1786	0.9879
1787	0.9881
1788	0.9880
1789	0.9879
1790	0.9879
1791	0.9879
1792	0.9879
1793	0.9877
1794	0.9877
1795	0.9876
1796	0.9875
1797	0.9873
1798	0.9873
1799	0.9874
1800	0.9874
1801	0.9875
1802	0.9875
1803	0.9873
1804	0.9870
1805	0.9872
1806	0.9873
1807	0.9871
1808	0.9869
1809	0.9868
1810	0.9865
1811	0.9865
1812	0.9865
1813	0.9864
1814	0.9863
1815	0.9863
1816	0.9862
1817	0.9860
1818	0.9859
1819	0.9859
1820	0.9857
1821	0.9856
1822	0.9855
1823	0.9854
1824	0.9852
1825	0.9851
1826	0.9851
1827	0.9851
1828	0.9851
1829	0.9851
1830	0.9848
1831	0.9846
1832	0.9845
1833	0.9843
1834	0.9842
1835	0.9840
1836	0.9841
1837	0.9842
1838	0.9841
1839	0.9838
1840	0.9836
1841	0.9837
1842	0.9836
1843	0.9835
1844	0.9834
1845	0.9835
1846	0.9834
1847	0.9833
1848	0.9833
1849	0.9832
1850	0.9831
1851	0.9830
1852	0.9830
1853	0.9827
1854	0.9825
1855	0.9825
1856	0.9826
1857	0.9826
1858	0.9825
1859	0.9826
1860	0.9826
1861	0.9824
1862	0.9822
1863	0.9823
1864	0.9823
1865	0.9822
1866	0.9822
1867	0.9822
1868	0.9820
1869	0.9821
1870	0.9822
1871	0.9821
1872	0.9821
1873	0.9819
1874	0.9819
1875	0.9820
1876	0.9820
1877	0.9820
1878	0.9821
1879	0.9820
1880	0.9820
1881	0.9820
1882	0.9820
1883	0.9819
1884	0.9818
1885	0.9819
1886	0.9817
1887	0.9817
1888	0.9817
1889	0.9816
1890	0.9816
1891	0.9816
1892	0.9817
1893	0.9816
1894	0.9815
1895	0.9814
1896	0.9814
1897	0.9813
1898	0.9814
1899	0.9815
1900	0.9815
1901	0.9814
1902	0.9814
1903	0.9812
1904	0.9812
1905	0.9811
1906	0.9812
1907	0.9813
1908	0.9812
1909	0.9812
1910	0.9811
1911	0.9811
1912	0.9813
1913	0.9812
1914	0.9811
1915	0.9812
1916	0.9813
1917	0.9812
1918	0.9811
1919	0.9811
1920	0.9809
1921	0.9809
1922	0.9811
1923	0.9815
1924	0.9813
1925	0.9811
1926	0.9808
1927	0.9809
1928	0.9808
1929	0.9809
1930	0.9809
1931	0.9807
1932	0.9806
1933	0.9808
1934	0.9807
1935	0.9807
1936	0.9809
1937	0.9809
1938	0.9806
1939	0.9806
1940	0.9808
1941	0.9807
1942	0.9804
1943	0.9805
1944	0.9805
1945	0.9806
1946	0.9807
1947	0.9806
1948	0.9804
1949	0.9800
1950	0.9800
1951	0.9801
1952	0.9800
1953	0.9799
1954	0.9799
1955	0.9800
1956	0.9800
1957	0.9800
1958	0.9797
1959	0.9795
1960	0.9795
1961	0.9793
1962	0.9792
1963	0.9793
1964	0.9791
1965	0.9790
1966	0.9790
1967	0.9789
1968	0.9787
1969	0.9786
1970	0.9785
1971	0.9783
1972	0.9783
1973	0.9785
1974	0.9783
1975	0.9778
1976	0.9781
1977	0.9782
1978	0.9780
1979	0.9778
1980	0.9775
1981	0.9775
1982	0.9774
1983	0.9773
1984	0.9774
1985	0.9771
1986	0.9769
1987	0.9770
1988	0.9765
1989	0.9766
1990	0.9766
1991	0.9762
1992	0.9762
1993	0.9760
1994	0.9758
1995	0.9756
1996	0.9754
1997	0.9751
1998	0.9750
1999	0.9749
2000	0.9747
2001	0.9743
2002	0.9739
2003	0.9742
2004	0.9739
2005	0.9736
2006	0.9735
2007	0.9737
2008	0.9731
2009	0.9728
2010	0.9725
2011	0.9724
2012	0.9724
2013	0.9720
2014	0.9715
2015	0.9713
2016	0.9713
2017	0.9710
2018	0.9709
2019	0.9705
2020	0.9702
2021	0.9703
2022	0.9698
2023	0.9698
2024	0.9695
2025	0.9689
2026	0.9690
2027	0.9687
2028	0.9686
2029	0.9683
2030	0.9677
2031	0.9675
2032	0.9674
2033	0.9674
2034	0.9671
2035	0.9664
2036	0.9663
2037	0.9663
2038	0.9661
2039	0.9658
2040	0.9654
2041	0.9652
2042	0.9654
2043	0.9648
2044	0.9645
2045	0.9643
2046	0.9642
2047	0.9639
2048	0.9636
2049	0.9635
2050	0.9637
2051	0.9632
2052	0.9631
2053	0.9625
2054	0.9628
2055	0.9624
2056	0.9622
2057	0.9621
2058	0.9618
2059	0.9617
2060	0.9617
2061	0.9614
2062	0.9612
2063	0.9608
2064	0.9608
2065	0.9606
2066	0.9604
2067	0.9600
2068	0.9602
2069	0.9600
2070	0.9599
2071	0.9597
2072	0.9594
2073	0.9597
2074	0.9595
2075	0.9592
2076	0.9590
2077	0.9586
2078	0.9585
2079	0.9584
2080	0.9582
2081	0.9582
2082	0.9580
2083	0.9582
2084	0.9578
2085	0.9574
2086	0.9573
2087	0.9570
2088	0.9571
2089	0.9570
2090	0.9569
2091	0.9566
2092	0.9564
2093	0.9563
2094	0.9561
2095	0.9560
2096	0.9558
2097	0.9559
2098	0.9557
2099	0.9555
2100	0.9552
2101	0.9553
2102	0.9553
2103	0.9552
2104	0.9550
2105	0.9548
2106	0.9544
2107	0.9543
2108	0.9543
2109	0.9540
2110	0.9535
2111	0.9533
2112	0.9530
2113	0.9531
2114	0.9531
2115	0.9528
2116	0.9526
2117	0.9523
2118	0.9521
2119	0.9521
2120	0.9520
2121	0.9519
2122	0.9516
2123	0.9514
2124	0.9513
2125	0.9512
2126	0.9508
2127	0.9508
2128	0.9506
2129	0.9503
2130	0.9500
2131	0.9500
2132	0.9500
2133	0.9501
2134	0.9496
2135	0.9496
2136	0.9499
2137	0.9499
2138	0.9498
2139	0.9499
2140	0.9499
2141	0.9500
2142	0.9500
2143	0.9503
2144	0.9503
2145	0.9504
2146	0.9504
2147	0.9506
2148	0.9508
2149	0.9511
2150	0.9511
2151	0.9515
2152	0.9518
2153	0.9521
2154	0.9522
2155	0.9523
2156	0.9527
2157	0.9530
2158	0.9535
2159	0.9540
2160	0.9542
2161	0.9543
2162	0.9547
2163	0.9548
2164	0.9553
2165	0.9557
2166	0.9561
2167	0.9567
2168	0.9572
2169	0.9574
2170	0.9577
2171	0.9583
2172	0.9588
2173	0.9591
2174	0.9591
2175	0.9595
2176	0.9599
2177	0.9604
2178	0.9610
2179	0.9613
2180	0.9613
2181	0.9618
2182	0.9616
2183	0.9620
2184	0.9625
2185	0.9631
2186	0.9634
2187	0.9636
2188	0.9637
2189	0.9641
2190	0.9643
2191	0.9647
2192	0.9650
2193	0.9652
2194	0.9655
2195	0.9656
2196	0.9658
2197	0.9660
2198	0.9663
2199	0.9665
2200	0.9670
2201	0.9673
2202	0.9673
2203	0.9675
2204	0.9675
2205	0.9675
2206	0.9677
2207	0.9679
2208	0.9681
2209	0.9683
2210	0.9683
2211	0.9681
2212	0.9682
2213	0.9687
2214	0.9688
2215	0.9689
2216	0.9689
2217	0.9690
2218	0.9691
2219	0.9690
2220	0.9689
2221	0.9690
2222	0.9691
2223	0.9689
2224	0.9688
2225	0.9691
2226	0.9692
2227	0.9694
2228	0.9695
2229	0.9694
2230	0.9695
2231	0.9695
2232	0.9692
2233	0.9692
2234	0.9693
2235	0.9693
2236	0.9693
2237	0.9693
2238	0.9690
2239	0.9687
2240	0.9687
2241	0.9687
2242	0.9685
2243	0.9686
2244	0.9686
2245	0.9684
2246	0.9684
2247	0.9684
2248	0.9681
2249	0.9681
2250	0.9682
2251	0.9682
2252	0.9681
2253	0.9680
2254	0.9680
2255	0.9681
2256	0.9679
2257	0.9677
2258	0.9675
2259	0.9675
2260	0.9675
2261	0.9675
2262	0.9672
2263	0.9671
2264	0.9673
2265	0.9672
2266	0.9668
2267	0.9666
2268	0.9666
2269	0.9666
2270	0.9665
2271	0.9663
2272	0.9661
2273	0.9661
2274	0.9663
2275	0.9661
2276	0.9656
2277	0.9656
2278	0.9657
2279	0.9656
2280	0.9654
2281	0.9654
2282	0.9652
2283	0.9647
2284	0.9644
2285	0.9643
2286	0.9643
2287	0.9641
2288	0.9639
2289	0.9637
2290	0.9637
2291	0.9636
2292	0.9634
2293	0.9631
2294	0.9627
2295	0.9625
2296	0.9626
2297	0.9625
2298	0.9623
2299	0.9619
2300	0.9618
2301	0.9618
2302	0.9615
2303	0.9612
2304	0.9607
2305	0.9607
2306	0.9608
2307	0.9605
2308	0.9603
2309	0.9600
2310	0.9597
2311	0.9598
2312	0.9595
2313	0.9595
2314	0.9591
2315	0.9587
2316	0.9588
2317	0.9586
2318	0.9583
2319	0.9578
2320	0.9576
2321	0.9578
2322	0.9577
2323	0.9574
2324	0.9571
2325	0.9568
2326	0.9567
2327	0.9565
2328	0.9565
2329	0.9558
2330	0.9555
2331	0.9556
2332	0.9552
2333	0.9546
2334	0.9548
2335	0.9544
2336	0.9544
2337	0.9544
2338	0.9540
2339	0.9541
2340	0.9536
2341	0.9529
2342	0.9530
2343	0.9529
2344	0.9525
2345	0.9521
2346	0.9519
2347	0.9521
2348	0.9521
2349	0.9519
2350	0.9518
2351	0.9515
2352	0.9514
2353	0.9514
2354	0.9513
2355	0.9510
2356	0.9510
2357	0.9506
2358	0.9508
2359	0.9504
2360	0.9503
2361	0.9503
2362	0.9502
2363	0.9500
2364	0.9503
2365	0.9496
2366	0.9497
2367	0.9496
2368	0.9494
2369	0.9489
2370	0.9489
2371	0.9491
2372	0.9489
2373	0.9488
2374	0.9495
2375	0.9491
2376	0.9486
2377	0.9485
2378	0.9484
2379	0.9485
2380	0.9483
2381	0.9485
2382	0.9483
2383	0.9480
2384	0.9478
2385	0.9479
2386	0.9486
2387	0.9481
2388	0.9480
2389	0.9478
2390	0.9481
2391	0.9479
2392	0.9476
2393	0.9475
2394	0.9478
2395	0.9475
2396	0.9476
2397	0.9478
2398	0.9474
2399	0.9473
2400	0.9475
2401	0.9476
2402	0.9471
2403	0.9469
2404	0.9470
2405	0.9469
2406	0.9473
2407	0.9472
2408	0.9474
2409	0.9476
2410	0.9471
2411	0.9465
2412	0.9469
2413	0.9467
2414	0.9465
2415	0.9468
2416	0.9473
2417	0.9478
2418	0.9471
2419	0.9466
2420	0.9466
2421	0.9468
2422	0.9466
2423	0.9468
2424	0.9471
2425	0.9466
2426	0.9466
2427	0.9461
2428	0.9468
2429	0.9469
2430	0.9464
2431	0.9462
2432	0.9462
2433	0.9470
2434	0.9461
2435	0.9463
2436	0.9469
2437	0.9466
2438	0.9468
2439	0.9462
2440	0.9459
2441	0.9468
2442	0.9469
2443	0.9472
2444	0.9468
2445	0.9469
2446	0.9463
2447	0.9457
2448	0.9476
2449	0.9469
2450	0.9466
2451	0.9459
2452	0.9465
2453	0.9470
2454	0.9456
2455	0.9463
2456	0.9471
2457	0.9467
2458	0.9468
2459	0.9468
2460	0.9455
2461	0.9461
2462	0.9472
2463	0.9465
2464	0.9460
2465	0.9468
2466	0.9462
2467	0.9454
2468	0.9456
2469	0.9460
2470	0.9474
2471	0.9464
2472	0.9454
2473	0.9467
2474	0.9471
2475	0.9473
2476	0.9463
2477	0.9461
2478	0.9485
2479	0.9476
2480	0.9458
2481	0.9449
2482	0.9489
2483	0.9447
2484	0.9471
2485	0.9486
2486	0.9450
2487	0.9480
2488	0.9466
2489	0.9453
2490	0.9439
2491	0.9472
2492	0.9460
2493	0.9439
2494	0.9455
2495	0.9448
2496	0.9476
2497	0.9449
2498	0.9490
2499	0.9432
2500	0.9441
