University Queensland 	
Serial Number : SRT17 cossa 10" panel	
Comments : Lab cal CSIRO Jan 2018	
	

Wavelength	K-factor
350	1.018502266
351	1.021466709
352	1.015568168
353	1.006649632
354	1.013515823
355	1.014858573
356	1.012868552
357	1.011329493
358	1.003719988
359	0.997850312
360	1.000935938
361	1.003585242
362	1.005943429
363	1.003396179
364	1.005611178
365	1.007281724
366	1.005889155
367	1.004243918
368	1.005222084
369	1.003883358
370	1.003864926
371	1.003585916
372	1.001938921
373	1.001504341
374	1.003655266
375	1.00485225
376	1.005270332
377	1.005363619
378	1.00352423
379	1.004539328
380	1.004337889
381	1.003858053
382	1.006653422
383	1.007025463
384	1.005213173
385	1.004666751
386	1.005346569
387	1.006622775
388	1.005728369
389	1.006947013
390	1.006730132
391	1.005458519
392	1.00495005
393	1.004012053
394	1.004519096
395	1.00554643
396	1.006331641
397	1.0060715
398	1.00567204
399	1.004885963
400	1.005399449
401	1.005651823
402	1.005580723
403	1.005546822
404	1.005712435
405	1.005396467
406	1.005304285
407	1.005643681
408	1.005380344
409	1.005757598
410	1.005822958
411	1.004914151
412	1.004821972
413	1.005142025
414	1.006005777
415	1.00547219
416	1.005255887
417	1.005328751
418	1.005042704
419	1.005362095
420	1.004861303
421	1.00504107
422	1.005435757
423	1.004799217
424	1.004499039
425	1.0044025
426	1.00417439
427	1.004222298
428	1.004552558
429	1.004365039
430	1.004349895
431	1.004006387
432	1.003623059
433	1.003473116
434	1.003242759
435	1.003270303
436	1.003476945
437	1.003772562
438	1.003328503
439	1.002981571
440	1.002434131
441	1.002339387
442	1.002342819
443	1.002253253
444	1.001949814
445	1.001705178
446	1.00115906
447	1.000935688
448	1.001008665
449	1.000837398
450	1.000792676
451	1.000388717
452	0.999960572
453	0.999753893
454	0.99945561
455	0.999288824
456	0.999248173
457	0.998968905
458	0.998817965
459	0.9988151
460	0.998817549
461	0.99863854
462	0.998722411
463	0.998972308
464	0.999321268
465	0.999972947
466	1.000247869
467	1.000406778
468	1.00053258
469	1.000706988
470	1.001070924
471	1.001445463
472	1.001909551
473	1.002284686
474	1.002411162
475	1.002811735
476	1.003321114
477	1.003485001
478	1.003764978
479	1.004070832
480	1.004253834
481	1.004408934
482	1.004587558
483	1.005073984
484	1.005270562
485	1.005389009
486	1.005579276
487	1.005645427
488	1.005848433
489	1.005995727
490	1.006320135
491	1.00666561
492	1.006876479
493	1.006910249
494	1.006845958
495	1.006997609
496	1.007303556
497	1.007490049
498	1.007507176
499	1.00733818
500	1.007358931
501	1.007536824
502	1.007675764
503	1.007805354
504	1.007720329
505	1.007918161
506	1.0081296
507	1.007878474
508	1.007979258
509	1.007958616
510	1.007922144
511	1.007858476
512	1.008037184
513	1.008190948
514	1.008077305
515	1.008101437
516	1.008185103
517	1.008212376
518	1.00836284
519	1.008321477
520	1.008385073
521	1.008510572
522	1.008490083
523	1.008559928
524	1.008636007
525	1.008729162
526	1.008737692
527	1.008737162
528	1.008661961
529	1.008817502
530	1.008887805
531	1.008881185
532	1.008951902
533	1.008905036
534	1.008945565
535	1.008974198
536	1.009012166
537	1.008970961
538	1.008887607
539	1.0088847
540	1.008884755
541	1.008865604
542	1.008870977
543	1.00894364
544	1.009047698
545	1.009054153
546	1.0090849
547	1.009124177
548	1.009159458
549	1.00912839
550	1.009097131
551	1.009087283
552	1.009085692
553	1.009152884
554	1.00916335
555	1.009183118
556	1.009193234
557	1.009203287
558	1.009161301
559	1.009149708
560	1.009171207
561	1.009180789
562	1.009183621
563	1.009220373
564	1.009245679
565	1.009232434
566	1.00926194
567	1.009317823
568	1.009324879
569	1.009309569
570	1.009324123
571	1.009329891
572	1.009310539
573	1.009336207
574	1.00934236
575	1.009379506
576	1.009357123
577	1.009354504
578	1.009405103
579	1.009416357
580	1.009402839
581	1.009456356
582	1.009470908
583	1.009439425
584	1.009461201
585	1.009476773
586	1.009516561
587	1.009500191
588	1.009534236
589	1.009532129
590	1.009527801
591	1.009537575
592	1.009533216
593	1.009582659
594	1.009556352
595	1.009565259
596	1.009585137
597	1.009533653
598	1.009549295
599	1.009537049
600	1.009550305
601	1.009597637
602	1.009638946
603	1.009597751
604	1.009574536
605	1.009561371
606	1.009578407
607	1.009632919
608	1.009646167
609	1.009645384
610	1.009681218
611	1.00970867
612	1.009664639
613	1.009645598
614	1.009643587
615	1.009691936
616	1.009712484
617	1.009692554
618	1.009669545
619	1.009707126
620	1.009733632
621	1.00972444
622	1.009717942
623	1.009719432
624	1.009712331
625	1.009712342
626	1.009693894
627	1.009728905
628	1.009736035
629	1.009707595
630	1.009736529
631	1.009750687
632	1.009726861
633	1.00969608
634	1.009713939
635	1.009739031
636	1.009730849
637	1.009706023
638	1.009725113
639	1.00976773
640	1.009778669
641	1.009793369
642	1.009765728
643	1.009755252
644	1.009759476
645	1.009778305
646	1.009808652
647	1.009811384
648	1.009802383
649	1.009757708
650	1.009740484
651	1.009748117
652	1.009743485
653	1.009716109
654	1.009721774
655	1.009775762
656	1.009760841
657	1.009758708
658	1.009747063
659	1.009745679
660	1.009709193
661	1.009707976
662	1.009711597
663	1.009719876
664	1.009705635
665	1.009678063
666	1.009687501
667	1.009655925
668	1.009613189
669	1.009603765
670	1.009582427
671	1.009646888
672	1.009652858
673	1.009609101
674	1.009592147
675	1.00965815
676	1.009694536
677	1.009644431
678	1.009654359
679	1.009617673
680	1.009618629
681	1.00958796
682	1.009591885
683	1.0095907
684	1.009559451
685	1.009532923
686	1.009534362
687	1.009547381
688	1.00955478
689	1.00962841
690	1.009634838
691	1.009614407
692	1.009584134
693	1.009536964
694	1.009534894
695	1.009534616
696	1.009544594
697	1.009566862
698	1.009533981
699	1.00946685
700	1.00947459
701	1.009499218
702	1.009512763
703	1.00955589
704	1.009513117
705	1.009468282
706	1.009464222
707	1.009487638
708	1.009498479
709	1.009498721
710	1.009510878
711	1.009480865
712	1.009464746
713	1.009461952
714	1.009475984
715	1.009467571
716	1.009493467
717	1.00948363
718	1.009522277
719	1.009504426
720	1.00947235
721	1.00945821
722	1.009457146
723	1.009447636
724	1.009429286
725	1.009427063
726	1.009446705
727	1.009422155
728	1.009386976
729	1.009396991
730	1.009393507
731	1.00938788
732	1.009384932
733	1.009379298
734	1.009343655
735	1.009331959
736	1.009326452
737	1.009335818
738	1.009358701
739	1.0093623
740	1.009375737
741	1.009379106
742	1.009381262
743	1.009400203
744	1.009391835
745	1.009362417
746	1.009377861
747	1.009378353
748	1.009350113
749	1.009346965
750	1.009377221
751	1.009412715
752	1.009392024
753	1.009369895
754	1.009382359
755	1.009387277
756	1.009380412
757	1.009357521
758	1.009359749
759	1.009371639
760	1.009362037
761	1.009339926
762	1.009359681
763	1.009381157
764	1.009397358
765	1.009397286
766	1.009401563
767	1.009387303
768	1.00937014
769	1.009403484
770	1.009411359
771	1.009399595
772	1.009381895
773	1.0093876
774	1.009391153
775	1.009361499
776	1.009370445
777	1.009349479
778	1.009335466
779	1.00932436
780	1.009327872
781	1.009341609
782	1.009341719
783	1.009354175
784	1.009370214
785	1.009357826
786	1.009355022
787	1.009342353
788	1.00934093
789	1.009335543
790	1.009292023
791	1.009276747
792	1.009290477
793	1.009310008
794	1.009332608
795	1.009345392
796	1.009310583
797	1.009309175
798	1.009319323
799	1.009349513
800	1.009333787
801	1.009324988
802	1.009341665
803	1.009377978
804	1.009399242
805	1.009410249
806	1.009426224
807	1.009422074
808	1.009416429
809	1.009391137
810	1.009367556
811	1.009389562
812	1.009418654
813	1.009423192
814	1.009434049
815	1.009462073
816	1.009454999
817	1.009446882
818	1.009466157
819	1.009428102
820	1.009448816
821	1.009465976
822	1.009442248
823	1.009413726
824	1.009440511
825	1.009424129
826	1.009477115
827	1.009473905
828	1.009485347
829	1.009528201
830	1.0095271
831	1.009535975
832	1.009526908
833	1.009540985
834	1.009545977
835	1.009554808
836	1.009565668
837	1.009652617
838	1.009666547
839	1.00963774
840	1.009681561
841	1.009673688
842	1.009629883
843	1.009624539
844	1.009612434
845	1.009623314
846	1.009630642
847	1.009630959
848	1.009628918
849	1.009634385
850	1.009633544
851	1.009660726
852	1.009684302
853	1.009686399
854	1.009684383
855	1.009659785
856	1.009666496
857	1.009711481
858	1.009735941
859	1.009698765
860	1.009650649
861	1.009662278
862	1.009696858
863	1.009716126
864	1.009710925
865	1.009716667
866	1.009699702
867	1.009688684
868	1.009692265
869	1.009730519
870	1.009724256
871	1.009705566
872	1.00968515
873	1.009665438
874	1.009687817
875	1.00969062
876	1.009692346
877	1.009678581
878	1.009668006
879	1.009630255
880	1.009632056
881	1.009667747
882	1.009664546
883	1.009673434
884	1.009672216
885	1.009651542
886	1.009690103
887	1.009758667
888	1.009741971
889	1.009713847
890	1.009679953
891	1.009688921
892	1.009685307
893	1.009653135
894	1.009710086
895	1.009729365
896	1.00971327
897	1.00972991
898	1.009738807
899	1.009698007
900	1.00970227
901	1.009676146
902	1.00966867
903	1.009619843
904	1.009655512
905	1.009620188
906	1.009601088
907	1.009626776
908	1.009646605
909	1.009674986
910	1.009662588
911	1.009688979
912	1.009757988
913	1.009711808
914	1.009658831
915	1.009689152
916	1.009664955
917	1.009670753
918	1.009624649
919	1.00968951
920	1.009787799
921	1.009753387
922	1.009676643
923	1.00960527
924	1.009625793
925	1.009748527
926	1.009733856
927	1.009716204
928	1.009776111
929	1.009794604
930	1.009782692
931	1.009678908
932	1.009670967
933	1.009788217
934	1.009754438
935	1.009628014
936	1.009658062
937	1.009769936
938	1.00970109
939	1.009655996
940	1.009803737
941	1.00976302
942	1.009748401
943	1.009691251
944	1.009617782
945	1.009696835
946	1.009840941
947	1.009937095
948	1.009926857
949	1.009819106
950	1.009751037
951	1.009884123
952	1.009866808
953	1.009806636
954	1.009697712
955	1.009617431
956	1.009774134
957	1.009911124
958	1.009900003
959	1.009853827
960	1.009789741
961	1.009704945
962	1.009754249
963	1.009961994
964	1.009981973
965	1.010011776
966	1.009892094
967	1.009825032
968	1.009828745
969	1.009926797
970	1.009980955
971	1.009899288
972	1.009861913
973	1.009881404
974	1.010007092
975	1.01018434
976	1.009932529
977	1.009852665
978	1.009923986
979	1.009970576
980	1.010058177
981	1.010035311
982	1.010100298
983	1.009930001
984	1.010063143
985	1.010079638
986	1.009927287
987	1.009988502
988	1.010086374
989	1.009946488
990	1.009901249
991	1.010089384
992	1.01006683
993	1.010252113
994	1.010516311
995	1.010467764
996	1.010088965
997	1.009973118
998	1.010176419
999	1.010121364
1000	1.010210171
1001	1.010182024
1002	1.010095079
1003	1.0101829
1004	1.010218126
1005	1.010141377
1006	1.010132039
1007	1.010120186
1008	1.010145397
1009	1.010104547
1010	1.010141728
1011	1.010121573
1012	1.010158441
1013	1.010086061
1014	1.010093332
1015	1.010086909
1016	1.010102275
1017	1.010212318
1018	1.010211364
1019	1.010205071
1020	1.010096154
1021	1.010074764
1022	1.010040693
1023	1.010036541
1024	1.010073105
1025	1.010038592
1026	1.010020603
1027	1.010037645
1028	1.010096571
1029	1.01006858
1030	1.00998526
1031	1.010037237
1032	1.010075776
1033	1.010046591
1034	1.010087558
1035	1.010106805
1036	1.010184653
1037	1.010198511
1038	1.010196461
1039	1.010171174
1040	1.010162697
1041	1.010157599
1042	1.010128675
1043	1.010164255
1044	1.010093824
1045	1.010120602
1046	1.010102208
1047	1.010035478
1048	1.010018898
1049	1.010047364
1050	1.01011818
1051	1.010129295
1052	1.010149359
1053	1.010110583
1054	1.010152058
1055	1.01013994
1056	1.010108164
1057	1.010139958
1058	1.010186025
1059	1.010207635
1060	1.010157554
1061	1.01012367
1062	1.010111878
1063	1.010029045
1064	1.010060508
1065	1.010044537
1066	1.010071261
1067	1.00996658
1068	1.010006113
1069	1.009976198
1070	1.009923725
1071	1.009998023
1072	1.009984424
1073	1.010040152
1074	1.010014287
1075	1.010039157
1076	1.010024053
1077	1.010030682
1078	1.010029053
1079	1.010023962
1080	1.009959058
1081	1.010036778
1082	1.009953919
1083	1.009981181
1084	1.009959032
1085	1.009949045
1086	1.00993101
1087	1.009937534
1088	1.009961667
1089	1.00996035
1090	1.009995205
1091	1.009936362
1092	1.009912866
1093	1.009881343
1094	1.00987311
1095	1.009858841
1096	1.009864008
1097	1.009873797
1098	1.009885285
1099	1.00992625
1100	1.010020989
1101	1.009982049
1102	1.010021452
1103	1.01007032
1104	1.010032753
1105	1.010035289
1106	1.010017235
1107	1.010023064
1108	1.010044916
1109	1.010066863
1110	1.010092251
1111	1.010069933
1112	1.010106979
1113	1.01015032
1114	1.010215135
1115	1.010212749
1116	1.01015627
1117	1.010177395
1118	1.010169193
1119	1.010162499
1120	1.010195248
1121	1.01017511
1122	1.010151475
1123	1.010152758
1124	1.010124776
1125	1.010132577
1126	1.010183366
1127	1.010150735
1128	1.010131221
1129	1.010175844
1130	1.010151492
1131	1.010195017
1132	1.010166913
1133	1.010175357
1134	1.010154239
1135	1.010143641
1136	1.010194002
1137	1.010196231
1138	1.010214962
1139	1.010213088
1140	1.010211691
1141	1.010193099
1142	1.010171959
1143	1.010154679
1144	1.010174293
1145	1.010118325
1146	1.010124249
1147	1.010104121
1148	1.010092679
1149	1.010088036
1150	1.010082858
1151	1.010077653
1152	1.010075096
1153	1.010011152
1154	1.010001313
1155	1.009983038
1156	1.009970876
1157	1.009978345
1158	1.009957312
1159	1.009965004
1160	1.009954595
1161	1.009953764
1162	1.009934346
1163	1.009934515
1164	1.009936178
1165	1.009911298
1166	1.009890634
1167	1.009865374
1168	1.009832902
1169	1.009809001
1170	1.009793603
1171	1.009729812
1172	1.009699624
1173	1.009645616
1174	1.009595652
1175	1.009580942
1176	1.00956657
1177	1.009553398
1178	1.009489799
1179	1.009461441
1180	1.009436715
1181	1.009413054
1182	1.009416984
1183	1.009387914
1184	1.009305192
1185	1.009278923
1186	1.009237699
1187	1.009252953
1188	1.009277459
1189	1.009268126
1190	1.009223191
1191	1.009180034
1192	1.009134369
1193	1.009104746
1194	1.0090615
1195	1.009091292
1196	1.009066074
1197	1.009037341
1198	1.0090456
1199	1.009042611
1200	1.009007666
1201	1.008977523
1202	1.008948188
1203	1.008917932
1204	1.008897597
1205	1.008912131
1206	1.008904048
1207	1.008908114
1208	1.00886349
1209	1.008828018
1210	1.00879578
1211	1.00879859
1212	1.008799076
1213	1.008840153
1214	1.008838331
1215	1.008848765
1216	1.008867842
1217	1.008868139
1218	1.00886128
1219	1.008864105
1220	1.008852926
1221	1.008854751
1222	1.008842697
1223	1.008836491
1224	1.008833995
1225	1.008873185
1226	1.008862029
1227	1.008846329
1228	1.008855564
1229	1.008838365
1230	1.008809583
1231	1.008774317
1232	1.008752045
1233	1.00875378
1234	1.008749572
1235	1.008744906
1236	1.008738102
1237	1.008753062
1238	1.008724204
1239	1.008724536
1240	1.008743593
1241	1.008757629
1242	1.008765113
1243	1.008772915
1244	1.008780021
1245	1.008780193
1246	1.008739763
1247	1.008723996
1248	1.008767664
1249	1.008761873
1250	1.008773503
1251	1.008769788
1252	1.008762235
1253	1.008757394
1254	1.00872551
1255	1.008721848
1256	1.008716626
1257	1.008712758
1258	1.008693237
1259	1.008649501
1260	1.008641303
1261	1.008622656
1262	1.008630592
1263	1.008629306
1264	1.008607713
1265	1.008613551
1266	1.008559466
1267	1.008534725
1268	1.008537903
1269	1.008488852
1270	1.008513035
1271	1.008462032
1272	1.008449409
1273	1.008406284
1274	1.008406278
1275	1.00837351
1276	1.008330981
1277	1.008320339
1278	1.008321547
1279	1.008268335
1280	1.00826149
1281	1.008258332
1282	1.008213536
1283	1.008211147
1284	1.008202516
1285	1.008171886
1286	1.008172287
1287	1.008140408
1288	1.008118806
1289	1.008085196
1290	1.00806277
1291	1.008078732
1292	1.008064576
1293	1.008045136
1294	1.008006091
1295	1.008013734
1296	1.007986926
1297	1.007978107
1298	1.007969054
1299	1.007896883
1300	1.007886913
1301	1.00785626
1302	1.007838913
1303	1.007841225
1304	1.007787426
1305	1.007777581
1306	1.007729161
1307	1.007677992
1308	1.007607778
1309	1.007576999
1310	1.00759009
1311	1.007556611
1312	1.007545071
1313	1.00749031
1314	1.00747802
1315	1.007451688
1316	1.007426567
1317	1.007432144
1318	1.007436467
1319	1.00738346
1320	1.007360203
1321	1.007351522
1322	1.007328931
1323	1.007306708
1324	1.007303969
1325	1.007279482
1326	1.007257216
1327	1.007280187
1328	1.007267535
1329	1.007259872
1330	1.007257752
1331	1.007250257
1332	1.007222376
1333	1.007181973
1334	1.007150619
1335	1.00713533
1336	1.007144253
1337	1.007090991
1338	1.007050407
1339	1.006999355
1340	1.006984065
1341	1.006944435
1342	1.006942078
1343	1.006942374
1344	1.006958678
1345	1.006930038
1346	1.006912035
1347	1.006872221
1348	1.006868517
1349	1.006841992
1350	1.006803995
1351	1.006826647
1352	1.006801731
1353	1.006799164
1354	1.006807207
1355	1.006784068
1356	1.006727886
1357	1.006750981
1358	1.0067122
1359	1.006701441
1360	1.006691244
1361	1.006687807
1362	1.00664938
1363	1.006607663
1364	1.006600926
1365	1.006596732
1366	1.006574059
1367	1.006522952
1368	1.006516227
1369	1.0065211
1370	1.006484739
1371	1.006428301
1372	1.006430601
1373	1.006432481
1374	1.006415183
1375	1.006410734
1376	1.006403922
1377	1.006359513
1378	1.00632197
1379	1.006326364
1380	1.006277416
1381	1.006290837
1382	1.006284713
1383	1.006298522
1384	1.006339431
1385	1.00632932
1386	1.006290725
1387	1.006311277
1388	1.006330227
1389	1.006304713
1390	1.006321758
1391	1.006338549
1392	1.006310439
1393	1.006300138
1394	1.006297057
1395	1.006298665
1396	1.006300583
1397	1.00628493
1398	1.006251101
1399	1.006245744
1400	1.00623042
1401	1.006252761
1402	1.006270129
1403	1.006285035
1404	1.006326354
1405	1.006338628
1406	1.006375195
1407	1.006408824
1408	1.00643868
1409	1.006474061
1410	1.00650558
1411	1.006555844
1412	1.006587914
1413	1.006635977
1414	1.006672543
1415	1.006688077
1416	1.006723451
1417	1.006737084
1418	1.006774272
1419	1.006801328
1420	1.006805141
1421	1.006811266
1422	1.006823625
1423	1.006835631
1424	1.006823436
1425	1.006831372
1426	1.006858929
1427	1.006872473
1428	1.006889183
1429	1.006905767
1430	1.006909599
1431	1.006935943
1432	1.006964831
1433	1.007002708
1434	1.007007011
1435	1.007053067
1436	1.00708799
1437	1.007123653
1438	1.007155368
1439	1.007195455
1440	1.007212585
1441	1.007265159
1442	1.00730574
1443	1.007343919
1444	1.007383079
1445	1.007415626
1446	1.00744175
1447	1.007454212
1448	1.007440457
1449	1.007461559
1450	1.007462004
1451	1.007477688
1452	1.007471706
1453	1.007471188
1454	1.007476652
1455	1.007449893
1456	1.007489588
1457	1.007479834
1458	1.007479979
1459	1.007497705
1460	1.00747656
1461	1.007478567
1462	1.007476678
1463	1.007496159
1464	1.007478162
1465	1.007491695
1466	1.007484372
1467	1.007474806
1468	1.007498159
1469	1.007495391
1470	1.007506876
1471	1.007522233
1472	1.007519405
1473	1.007530888
1474	1.007522799
1475	1.007498284
1476	1.007498477
1477	1.00749538
1478	1.007482197
1479	1.007474996
1480	1.00744903
1481	1.007442232
1482	1.007410266
1483	1.007405135
1484	1.007391757
1485	1.00738719
1486	1.00741406
1487	1.00742357
1488	1.007412194
1489	1.007433844
1490	1.007441803
1491	1.007447893
1492	1.007464934
1493	1.007471393
1494	1.007451753
1495	1.007469108
1496	1.007492813
1497	1.00749147
1498	1.00753848
1499	1.007549251
1500	1.007529607
1501	1.007532633
1502	1.007509862
1503	1.007503035
1504	1.007517198
1505	1.007538123
1506	1.00755296
1507	1.007572613
1508	1.007567772
1509	1.007550919
1510	1.007562117
1511	1.007526909
1512	1.007544205
1513	1.007545785
1514	1.007543159
1515	1.007541854
1516	1.00749922
1517	1.007474107
1518	1.007489175
1519	1.007450446
1520	1.007441494
1521	1.007426063
1522	1.007419416
1523	1.007381082
1524	1.007346964
1525	1.007329297
1526	1.007327171
1527	1.007330613
1528	1.007357908
1529	1.007373093
1530	1.007390216
1531	1.007417363
1532	1.007426636
1533	1.007431398
1534	1.007460639
1535	1.007464918
1536	1.007478832
1537	1.007471816
1538	1.007477232
1539	1.007478952
1540	1.0074971
1541	1.007482691
1542	1.007503564
1543	1.007540929
1544	1.007523858
1545	1.007519745
1546	1.00749375
1547	1.00749524
1548	1.007525174
1549	1.007542099
1550	1.00753787
1551	1.00757093
1552	1.00757651
1553	1.00756938
1554	1.007567824
1555	1.007565859
1556	1.007584007
1557	1.007602075
1558	1.007606765
1559	1.007615139
1560	1.007614252
1561	1.007617551
1562	1.007618376
1563	1.007589038
1564	1.007584763
1565	1.007590411
1566	1.007561938
1567	1.007580932
1568	1.007567799
1569	1.007552523
1570	1.00755895
1571	1.007575732
1572	1.007561541
1573	1.007574862
1574	1.007593081
1575	1.007584056
1576	1.00758151
1577	1.007540841
1578	1.00754855
1579	1.007533038
1580	1.007538858
1581	1.007515747
1582	1.007501784
1583	1.00750611
1584	1.007523434
1585	1.007528613
1586	1.007486914
1587	1.007466945
1588	1.007428524
1589	1.00738088
1590	1.007379909
1591	1.007379055
1592	1.007356065
1593	1.007366394
1594	1.007340036
1595	1.0073179
1596	1.007316205
1597	1.007303255
1598	1.00729438
1599	1.007295094
1600	1.00727581
1601	1.007314424
1602	1.007308855
1603	1.007299292
1604	1.007276017
1605	1.007297811
1606	1.007293193
1607	1.007252723
1608	1.007258191
1609	1.007229315
1610	1.007162771
1611	1.007129123
1612	1.007098353
1613	1.007059442
1614	1.007026318
1615	1.006976056
1616	1.006947799
1617	1.006911487
1618	1.006882893
1619	1.006813231
1620	1.006767741
1621	1.006696287
1622	1.006637232
1623	1.006611988
1624	1.006586221
1625	1.006566637
1626	1.006558671
1627	1.006542861
1628	1.006518821
1629	1.006472945
1630	1.006445824
1631	1.006455587
1632	1.006414477
1633	1.006405066
1634	1.006348733
1635	1.006333974
1636	1.006313687
1637	1.006291861
1638	1.006265831
1639	1.006221416
1640	1.006196305
1641	1.006183155
1642	1.00615881
1643	1.006150167
1644	1.006097718
1645	1.006054106
1646	1.005996156
1647	1.005949584
1648	1.0059143
1649	1.005879649
1650	1.005852873
1651	1.005825203
1652	1.005733813
1653	1.005695918
1654	1.005646339
1655	1.005578241
1656	1.005582774
1657	1.005575612
1658	1.005531438
1659	1.005495654
1660	1.005442131
1661	1.005382688
1662	1.005386238
1663	1.005355485
1664	1.0052722
1665	1.005269966
1666	1.005251568
1667	1.005211787
1668	1.005201358
1669	1.005154739
1670	1.005178474
1671	1.005153528
1672	1.005131512
1673	1.005066059
1674	1.005037203
1675	1.004989845
1676	1.004922013
1677	1.004899251
1678	1.004912439
1679	1.004879938
1680	1.004802404
1681	1.004801285
1682	1.004800038
1683	1.004737155
1684	1.004724895
1685	1.004686476
1686	1.004645452
1687	1.004602257
1688	1.004586301
1689	1.004537207
1690	1.00453239
1691	1.004522719
1692	1.004497853
1693	1.004527941
1694	1.004481339
1695	1.004493336
1696	1.004470288
1697	1.004490602
1698	1.004469145
1699	1.004476076
1700	1.00444578
1701	1.004465712
1702	1.00448377
1703	1.004516432
1704	1.004550747
1705	1.004546153
1706	1.004554281
1707	1.004545969
1708	1.004604656
1709	1.004624015
1710	1.004631474
1711	1.004629897
1712	1.004616678
1713	1.004629525
1714	1.004629428
1715	1.004628257
1716	1.004629479
1717	1.004618688
1718	1.004574685
1719	1.004596569
1720	1.004603774
1721	1.004605508
1722	1.004604337
1723	1.004606219
1724	1.00457565
1725	1.004539689
1726	1.00449547
1727	1.004487732
1728	1.004458389
1729	1.004495208
1730	1.004538659
1731	1.004532353
1732	1.004514232
1733	1.004532427
1734	1.004461355
1735	1.004441595
1736	1.004438224
1737	1.004427171
1738	1.004434508
1739	1.004412881
1740	1.004420403
1741	1.004354777
1742	1.004377625
1743	1.004344069
1744	1.004360546
1745	1.004370207
1746	1.00438447
1747	1.004408636
1748	1.00443609
1749	1.004471733
1750	1.00449794
1751	1.004480635
1752	1.004519166
1753	1.004543507
1754	1.004526804
1755	1.004575057
1756	1.004586928
1757	1.004571052
1758	1.004644952
1759	1.004607347
1760	1.004650337
1761	1.004658909
1762	1.004637743
1763	1.004696383
1764	1.004707895
1765	1.00471207
1766	1.004787824
1767	1.004795288
1768	1.004834618
1769	1.004807133
1770	1.004836488
1771	1.004863106
1772	1.004828229
1773	1.004885202
1774	1.004866852
1775	1.004844205
1776	1.004936552
1777	1.004928245
1778	1.004938781
1779	1.004911032
1780	1.004878095
1781	1.004909961
1782	1.004902081
1783	1.00487051
1784	1.004936524
1785	1.004844601
1786	1.004829254
1787	1.004831163
1788	1.004803421
1789	1.00480542
1790	1.004814812
1791	1.004813655
1792	1.004798136
1793	1.00472117
1794	1.004664149
1795	1.004659812
1796	1.004648757
1797	1.004629176
1798	1.004546565
1799	1.004523039
1800	1.004499512
1801	1.004410267
1802	1.004356165
1803	1.004335281
1804	1.00420237
1805	1.004194318
1806	1.0041184
1807	1.004028306
1808	1.00401352
1809	1.003946955
1810	1.003846588
1811	1.00374642
1812	1.003699276
1813	1.003609847
1814	1.003528736
1815	1.00343322
1816	1.00335895
1817	1.003303085
1818	1.003222875
1819	1.003077416
1820	1.003074449
1821	1.002884319
1822	1.002872952
1823	1.002835874
1824	1.002715386
1825	1.002704708
1826	1.002576685
1827	1.002548834
1828	1.002455584
1829	1.002362783
1830	1.002283667
1831	1.002175526
1832	1.002113952
1833	1.002047077
1834	1.00197627
1835	1.00195286
1836	1.001840827
1837	1.001715685
1838	1.001596818
1839	1.001452129
1840	1.001318346
1841	1.001306433
1842	1.00126266
1843	1.001162422
1844	1.001092445
1845	1.001038374
1846	1.000965694
1847	1.000890679
1848	1.000850087
1849	1.000819799
1850	1.000747332
1851	1.000701928
1852	1.000719866
1853	1.000703073
1854	1.000638975
1855	1.000610954
1856	1.000561468
1857	1.000500451
1858	1.000471354
1859	1.000462184
1860	1.000437148
1861	1.000422916
1862	1.000352596
1863	1.00031718
1864	1.00034514
1865	1.000257241
1866	1.00014685
1867	1.000081872
1868	1.000047533
1869	1.000002933
1870	0.999991458
1871	1.000020245
1872	0.999978494
1873	0.999907945
1874	0.999931862
1875	0.999940215
1876	0.999973437
1877	0.999967914
1878	0.999948075
1879	0.999928457
1880	0.999873305
1881	0.99983392
1882	0.999802358
1883	0.99974332
1884	0.999684903
1885	0.999639989
1886	0.999643248
1887	0.999640981
1888	0.999632028
1889	0.999644467
1890	0.99965398
1891	0.999644986
1892	0.999624945
1893	0.999628109
1894	0.999664749
1895	0.999664183
1896	0.999669277
1897	0.999690582
1898	0.999712705
1899	0.999695419
1900	0.999692749
1901	0.999684687
1902	0.999684527
1903	0.999683648
1904	0.999640944
1905	0.999591121
1906	0.999588968
1907	0.999567759
1908	0.999545714
1909	0.999565897
1910	0.999549645
1911	0.999495176
1912	0.999475874
1913	0.999432257
1914	0.999379936
1915	0.999340056
1916	0.999277639
1917	0.999262349
1918	0.999263015
1919	0.999208436
1920	0.999169271
1921	0.999121112
1922	0.999108269
1923	0.999061588
1924	0.999050901
1925	0.999099584
1926	0.999092049
1927	0.999087065
1928	0.999095073
1929	0.99905365
1930	0.99901456
1931	0.998935217
1932	0.998892128
1933	0.998877538
1934	0.99884424
1935	0.998823536
1936	0.998820868
1937	0.998717982
1938	0.998669406
1939	0.998679465
1940	0.998640846
1941	0.998634556
1942	0.998651211
1943	0.998617832
1944	0.998561192
1945	0.998473727
1946	0.998469265
1947	0.998449396
1948	0.998398039
1949	0.998396301
1950	0.998329773
1951	0.998250575
1952	0.998218729
1953	0.998197043
1954	0.998156771
1955	0.998102968
1956	0.998106849
1957	0.998018427
1958	0.997997882
1959	0.9979468
1960	0.997897626
1961	0.997847182
1962	0.997770921
1963	0.997730973
1964	0.997735015
1965	0.997699333
1966	0.997670741
1967	0.997647284
1968	0.997652129
1969	0.997602705
1970	0.997548836
1971	0.997563801
1972	0.997474964
1973	0.997401481
1974	0.99734098
1975	0.997299847
1976	0.997234915
1977	0.99718321
1978	0.997144513
1979	0.997060417
1980	0.996970019
1981	0.996914124
1982	0.996839611
1983	0.996730182
1984	0.99665893
1985	0.996576397
1986	0.996456939
1987	0.996325466
1988	0.996177604
1989	0.996072154
1990	0.995927475
1991	0.995798887
1992	0.995674611
1993	0.995542011
1994	0.995388132
1995	0.995170834
1996	0.99500139
1997	0.994874779
1998	0.994788939
1999	0.994636252
2000	0.99447617
2001	0.994306223
2002	0.994138205
2003	0.993962911
2004	0.99379354
2005	0.993583432
2006	0.993398069
2007	0.993264947
2008	0.993071933
2009	0.992938309
2010	0.992802297
2011	0.992625603
2012	0.992428488
2013	0.992251864
2014	0.992070019
2015	0.991900292
2016	0.991706485
2017	0.991552765
2018	0.991383124
2019	0.991205535
2020	0.99104651
2021	0.990818691
2022	0.990621356
2023	0.990389412
2024	0.990177956
2025	0.989965309
2026	0.989774191
2027	0.989623474
2028	0.989401238
2029	0.989122322
2030	0.988930952
2031	0.988692118
2032	0.988450875
2033	0.988299566
2034	0.988073681
2035	0.987840242
2036	0.987634602
2037	0.987405908
2038	0.987217537
2039	0.987026331
2040	0.986886022
2041	0.986665085
2042	0.986455959
2043	0.986305224
2044	0.986085685
2045	0.985898614
2046	0.985733965
2047	0.985579773
2048	0.985426622
2049	0.985235861
2050	0.985124992
2051	0.985028055
2052	0.984858294
2053	0.984695547
2054	0.984556356
2055	0.984345775
2056	0.984198245
2057	0.984065809
2058	0.983935392
2059	0.983797822
2060	0.983665331
2061	0.983528862
2062	0.98337361
2063	0.983205827
2064	0.983032668
2065	0.982892872
2066	0.982787265
2067	0.982659325
2068	0.982536964
2069	0.982439806
2070	0.982348375
2071	0.982221202
2072	0.982146147
2073	0.982002878
2074	0.981787529
2075	0.981663089
2076	0.981513805
2077	0.981389948
2078	0.981339704
2079	0.981243028
2080	0.981052257
2081	0.980940574
2082	0.980822316
2083	0.980697501
2084	0.98060603
2085	0.980539485
2086	0.980428223
2087	0.980257874
2088	0.980118685
2089	0.979933838
2090	0.979807298
2091	0.979709169
2092	0.979568105
2093	0.979405384
2094	0.97930357
2095	0.979143151
2096	0.97899434
2097	0.978888795
2098	0.978759174
2099	0.978595117
2100	0.978462722
2101	0.978327869
2102	0.978150471
2103	0.97800055
2104	0.977856132
2105	0.977678742
2106	0.977528341
2107	0.977363176
2108	0.977204142
2109	0.977035497
2110	0.976905515
2111	0.976763338
2112	0.976625783
2113	0.97654034
2114	0.976411283
2115	0.976267927
2116	0.976158076
2117	0.976018148
2118	0.975917914
2119	0.975838845
2120	0.975774844
2121	0.975712596
2122	0.97561501
2123	0.975485583
2124	0.975372481
2125	0.975209592
2126	0.97511901
2127	0.975061802
2128	0.974993977
2129	0.974909083
2130	0.974865951
2131	0.974766542
2132	0.974562433
2133	0.974521576
2134	0.974559712
2135	0.974519598
2136	0.97449557
2137	0.974425566
2138	0.974320979
2139	0.974295751
2140	0.974310567
2141	0.974299288
2142	0.974327282
2143	0.974340461
2144	0.974367825
2145	0.97440975
2146	0.974495283
2147	0.974554892
2148	0.974638687
2149	0.974718792
2150	0.974825588
2151	0.974909531
2152	0.975105524
2153	0.975340204
2154	0.97550564
2155	0.975689968
2156	0.975869323
2157	0.975987374
2158	0.97616533
2159	0.976407041
2160	0.976597087
2161	0.976838588
2162	0.977038129
2163	0.977278268
2164	0.977533647
2165	0.977782533
2166	0.978036614
2167	0.978260575
2168	0.978519289
2169	0.978777125
2170	0.979027897
2171	0.979300608
2172	0.979584002
2173	0.979859062
2174	0.98006402
2175	0.980350674
2176	0.980622223
2177	0.98090656
2178	0.981194142
2179	0.981513402
2180	0.981887808
2181	0.982233848
2182	0.982466602
2183	0.982765518
2184	0.983042358
2185	0.983303128
2186	0.983624077
2187	0.983907871
2188	0.984199773
2189	0.984475
2190	0.984778298
2191	0.98512745
2192	0.985381745
2193	0.985675012
2194	0.985910896
2195	0.986134576
2196	0.986380711
2197	0.986619479
2198	0.986821023
2199	0.98698865
2200	0.987189276
2201	0.987431638
2202	0.987656037
2203	0.987803662
2204	0.987991636
2205	0.988074371
2206	0.988177165
2207	0.988364909
2208	0.988500368
2209	0.988554073
2210	0.988639528
2211	0.988765571
2212	0.98882255
2213	0.988957648
2214	0.989084221
2215	0.989174449
2216	0.989207465
2217	0.989246813
2218	0.989298375
2219	0.98930978
2220	0.989309149
2221	0.989390142
2222	0.989496344
2223	0.989531603
2224	0.989520004
2225	0.989539285
2226	0.98947198
2227	0.989508144
2228	0.989541551
2229	0.989540542
2230	0.989585408
2231	0.98962122
2232	0.98954215
2233	0.989491814
2234	0.98939726
2235	0.989345958
2236	0.989259251
2237	0.989243863
2238	0.989151525
2239	0.989037383
2240	0.988969441
2241	0.988942336
2242	0.988861836
2243	0.988786893
2244	0.988705797
2245	0.988562811
2246	0.988527045
2247	0.98852337
2248	0.988420216
2249	0.988298165
2250	0.988198607
2251	0.98805447
2252	0.987993294
2253	0.988097942
2254	0.988044119
2255	0.987947626
2256	0.987869847
2257	0.987767749
2258	0.987682386
2259	0.987598842
2260	0.987539249
2261	0.987392447
2262	0.987189758
2263	0.987190865
2264	0.987074255
2265	0.986974188
2266	0.986898377
2267	0.986797183
2268	0.986626243
2269	0.986544144
2270	0.986515855
2271	0.986412085
2272	0.986322337
2273	0.986181718
2274	0.985984207
2275	0.985827415
2276	0.985676176
2277	0.985624348
2278	0.985604491
2279	0.985534117
2280	0.985485042
2281	0.985399315
2282	0.985289503
2283	0.985159585
2284	0.985056224
2285	0.984924291
2286	0.98477741
2287	0.984645357
2288	0.984604061
2289	0.98450606
2290	0.984355493
2291	0.98426466
2292	0.984234843
2293	0.98413243
2294	0.98402659
2295	0.983898462
2296	0.983783096
2297	0.983657176
2298	0.983384384
2299	0.983344273
2300	0.983144776
2301	0.982884211
2302	0.982891411
2303	0.982791849
2304	0.98267254
2305	0.982632346
2306	0.982454833
2307	0.982204261
2308	0.982061773
2309	0.982041151
2310	0.981786435
2311	0.98152254
2312	0.981336898
2313	0.981051919
2314	0.980818908
2315	0.980707097
2316	0.98053479
2317	0.98022739
2318	0.979956163
2319	0.979829422
2320	0.979641682
2321	0.979469038
2322	0.979281762
2323	0.979058792
2324	0.97887074
2325	0.978656875
2326	0.978495657
2327	0.978315542
2328	0.978156181
2329	0.978056435
2330	0.977931244
2331	0.977798181
2332	0.977614294
2333	0.977424545
2334	0.977263979
2335	0.977220824
2336	0.977146537
2337	0.977023526
2338	0.976908215
2339	0.976733362
2340	0.976584477
2341	0.976371822
2342	0.976223243
2343	0.976190232
2344	0.976152227
2345	0.976019724
2346	0.975998153
2347	0.975830605
2348	0.975589341
2349	0.975493431
2350	0.975440822
2351	0.975335736
2352	0.97522023
2353	0.975120434
2354	0.975086498
2355	0.974922384
2356	0.974794784
2357	0.974725818
2358	0.974588159
2359	0.974568648
2360	0.974553647
2361	0.974450603
2362	0.974391748
2363	0.974252643
2364	0.974195661
2365	0.974046254
2366	0.973875869
2367	0.973755547
2368	0.973646023
2369	0.973521357
2370	0.973459913
2371	0.973399419
2372	0.973346381
2373	0.973299227
2374	0.973163401
2375	0.973127146
2376	0.973003857
2377	0.972829274
2378	0.972904971
2379	0.972891009
2380	0.972770499
2381	0.972688793
2382	0.972594774
2383	0.97246414
2384	0.972520377
2385	0.972511734
2386	0.972602783
2387	0.972589091
2388	0.972554162
2389	0.972482649
2390	0.972449947
2391	0.972389084
2392	0.972366768
2393	0.972264668
2394	0.972252616
2395	0.972282738
2396	0.97208114
2397	0.972125701
2398	0.972190308
2399	0.972226657
2400	0.972211284
2401	0.972208652
2402	0.972023339
2403	0.971940061
2404	0.972075302
2405	0.971970373
2406	0.97192995
2407	0.971831227
2408	0.971652689
2409	0.971637037
2410	0.971760501
2411	0.971737524
2412	0.971813574
2413	0.971858223
2414	0.971780998
2415	0.971664115
2416	0.971442456
2417	0.97140023
2418	0.971269513
2419	0.971319832
2420	0.971377071
2421	0.971369955
2422	0.971341879
2423	0.971464391
2424	0.971507752
2425	0.971639154
2426	0.971561858
2427	0.97155607
2428	0.971570382
2429	0.971652645
2430	0.971569289
2431	0.971667594
2432	0.971473583
2433	0.971380951
2434	0.971437589
2435	0.97137596
2436	0.971160388
2437	0.971268818
2438	0.971403048
2439	0.971307296
2440	0.971079619
2441	0.971197296
2442	0.971160383
2443	0.971186421
2444	0.971125282
2445	0.971036323
2446	0.970828274
2447	0.970800493
2448	0.97112223
2449	0.971095541
2450	0.97109879
2451	0.971164311
2452	0.971231809
2453	0.971399341
2454	0.971503946
2455	0.971725336
2456	0.971699164
2457	0.971532804
2458	0.971368042
2459	0.971316842
2460	0.970850124
2461	0.970790753
2462	0.97102934
2463	0.97088444
2464	0.970710882
2465	0.970662069
2466	0.970521697
2467	0.970432762
2468	0.971064184
2469	0.97124232
2470	0.971334096
2471	0.971319454
2472	0.971007958
2473	0.97093715
2474	0.970564057
2475	0.970393628
2476	0.970538176
2477	0.97072873
2478	0.970512943
2479	0.970772387
2480	0.970917211
2481	0.970561695
2482	0.970591771
2483	0.970692957
2484	0.970317011
2485	0.970364186
2486	0.970519576
2487	0.970572803
2488	0.97066408
2489	0.970904626
2490	0.970503499
2491	0.970538986
2492	0.970788138
2493	0.97086359
2494	0.97110179
2495	0.971040746
2496	0.970599693
2497	0.97037145
2498	0.970812027
2499	0.970932694
2500	0.971923341

