Site,Platform,BAND,satmean,satstd,fieldmean,fieldstd,other,other2,other3,other4
DOO,LS8,CA,0.0818,0.00098,0.0664,0.0101,1.2,15.2,1.23,1.19
DOO,LS8,blue,0.0889,0.00111,0.082,0.0118,1.25,14.4,1.08,1.23
DOO,LS8,green,0.136,0.00145,0.127,0.0155,1.07,12.2,1.07,0.982
DOO,LS8,red,0.2,0.00173,0.183,0.0233,0.866,12.7,1.09,0.502
DOO,LS8,nir,0.291,0.0021,0.268,0.03,0.723,11.2,1.09,0.467
DOO,LS8,swir1,0.394,0.00131,0.386,0.0343,0.332,8.9,1.02,0.291
DOO,LS8,swir2,0.319,0.00143,0.318,0.0476,0.449,15,1,0.528
DOO,LS8,CA,0.0425,0.00103,0.0473,0.00824,2.42,17.4,0.899,2.18
DOO,LS8,blue,0.0452,0.000966,0.0572,0.00945,2.14,16.5,0.791,1.66
DOO,LS8,green,0.0815,0.00101,0.0943,0.0111,1.23,11.7,0.864,1.09
DOO,LS8,red,0.127,0.00125,0.138,0.0137,0.99,9.92,0.916,0.625
DOO,LS8,nir,0.184,0.00134,0.188,0.0163,0.733,8.7,0.977,0.55
DOO,LS8,swir1,0.275,0.00427,0.299,0.0297,1.55,9.93,0.92,1.26
DOO,LS8,swir2,0.246,0.00184,0.278,0.0276,0.749,9.92,0.885,0.649
LGR,LS8,CA,0.079,0.00132,0.073,0.00862,1.67,11.8,1.08,1.49
LGR,LS8,blue,0.0874,0.00152,0.0909,0.0115,1.74,12.6,0.962,1.58
LGR,LS8,green,0.137,0.00287,0.141,0.0174,2.1,12.4,0.968,1.97
LGR,LS8,red,0.182,0.00412,0.185,0.0231,2.26,12.5,0.988,2.07
LGR,LS8,nir,0.245,0.00636,0.25,0.031,2.6,12.4,0.977,2.31
LGR,LS8,swir1,0.319,0.00515,0.328,0.0362,1.62,11,0.971,1.26
LGR,LS8,swir2,0.256,0.00382,0.273,0.0316,1.5,11.6,0.936,1.23
LGR,LS8,CA,0.0792,0.00122,0.0751,0.0085,1.54,11.3,1.06,1.39
LGR,LS8,blue,0.0874,0.00177,0.0939,0.0111,2.02,11.9,0.931,1.76
LGR,LS8,green,0.136,0.00299,0.147,0.017,2.2,11.6,0.93,1.88
LGR,LS8,red,0.183,0.00413,0.193,0.0222,2.26,11.5,0.948,2
LGR,LS8,nir,0.253,0.00685,0.265,0.0297,2.71,11.2,0.957,2.38
LGR,LS8,swir1,0.322,0.00579,0.342,0.0357,1.8,10.4,0.943,1.49
LGR,LS8,swir2,0.259,0.00407,0.282,0.032,1.57,11.3,0.916,1.38
LKG,LS8,CA,0.0707,0.0045,0.0741,0.00517,6.36,6.97,0.955,4.13
LKG,LS8,blue,0.0744,0.00512,0.0828,0.00605,6.89,7.3,0.898,4.42
LKG,LS8,green,0.0935,0.0069,0.0976,0.00741,7.38,7.59,0.958,4.74
LKG,LS8,red,0.109,0.00801,0.111,0.00877,7.31,7.93,0.989,4.8
LKG,LS8,nir,0.154,0.0119,0.158,0.0166,7.7,10.5,0.978,5.52
LKG,LS8,swir1,0.231,0.0134,0.241,0.0183,5.8,7.59,0.959,3.57
LKG,LS8,swir2,0.192,0.0126,0.203,0.0181,6.58,8.92,0.944,4.11
LKG,LS8,CA,0.0698,0.00205,0.0584,0.00586,2.94,10,1.19,2.06
LKG,LS8,blue,0.0692,0.00209,0.0636,0.00635,3.02,9.97,1.09,2.18
LKG,LS8,green,0.0776,0.00226,0.0719,0.0071,2.91,9.88,1.08,2.11
LKG,LS8,red,0.0858,0.00236,0.0778,0.00755,2.75,9.71,1.1,2.02
LKG,LS8,nir,0.115,0.00212,0.103,0.00898,1.84,8.7,1.12,1.38
LKG,LS8,swir1,0.168,0.00132,0.161,0.011,0.786,6.84,1.04,0.864
LKG,LS8,swir2,0.132,0.00177,0.127,0.00961,1.34,7.55,1.03,1.21
LKG,LS8,CA,0.0977,0.00732,0.0905,0.00655,7.49,7.24,1.08,5.6
LKG,LS8,blue,0.102,0.00858,0.101,0.0074,8.42,7.34,1.01,6.27
LKG,LS8,green,0.12,0.011,0.117,0.00885,9.11,7.54,1.03,6.84
LKG,LS8,red,0.14,0.0132,0.132,0.0102,9.45,7.7,1.06,7.03
LKG,LS8,nir,0.198,0.0182,0.183,0.0138,9.2,7.5,1.08,7.01
LKG,LS8,swir1,0.297,0.0244,0.288,0.0187,8.19,6.5,1.03,6.06
LKG,LS8,swir2,0.256,0.0232,0.251,0.0184,9.07,7.31,1.02,6.68
LLF,LS8,CA,0.323,0.0337,0.346,0.0207,10.4,5.99,0.935,5.33
LLF,LS8,blue,0.326,0.0345,0.362,0.0212,10.6,5.85,0.901,5.63
LLF,LS8,green,0.418,0.0387,0.446,0.0245,9.25,5.48,0.938,5.28
LLF,LS8,red,0.515,0.0379,0.531,0.0263,7.35,4.96,0.97,4.61
LLF,LS8,nir,0.519,0.0384,0.524,0.0244,7.41,4.66,0.991,4.59
LLF,LS8,swir1,0.14,0.025,0.134,0.0268,17.8,20.1,1.05,16.8
LLF,LS8,swir2,0.0648,0.0123,0.0639,0.0133,18.9,20.8,1.01,17.1
NRB,LS8,CA,0.0385,0.00714,0.0281,0.00691,18.5,24.6,1.37,15.6
NRB,LS8,blue,0.0383,0.00796,0.0332,0.00886,20.8,26.7,1.15,17.5
NRB,LS8,green,0.0745,0.00704,0.0683,0.0118,9.46,17.3,1.09,7.35
NRB,LS8,red,0.0657,0.0151,0.0509,0.0178,23,35,1.29,19.7
NRB,LS8,nir,0.416,0.0418,0.445,0.0448,10.1,10.1,0.933,6.89
NRB,LS8,swir1,0.252,0.0122,0.257,0.0273,4.87,10.6,0.981,2.82
NRB,LS8,swir2,0.134,0.0174,0.123,0.0217,13,17.7,1.09,10.9
PIN,LS8,CA,0.171,0.0145,0.165,0.00736,8.52,4.47,1.04,4.96
PIN,LS8,blue,0.203,0.0171,0.206,0.00911,8.42,4.42,0.987,5.02
PIN,LS8,green,0.401,0.0196,0.409,0.0168,4.9,4.1,0.979,3.39
PIN,LS8,red,0.521,0.0224,0.52,0.021,4.29,4.05,1,3.09
PIN,LS8,nir,0.619,0.0294,0.603,0.0237,4.76,3.94,1.03,3.31
PIN,LS8,swir1,0.698,0.0255,0.697,0.0277,3.66,3.97,1,2.92
PIN,LS8,swir2,0.542,0.0141,0.581,0.0242,2.61,4.17,0.933,2.18
PIN,LS8,CA,0.176,0.0125,0.185,0.0131,7.11,7.09,0.953,6.09
PIN,LS8,blue,0.213,0.0158,0.232,0.0162,7.4,6.97,0.916,6.15
PIN,LS8,green,0.426,0.0247,0.457,0.0288,5.81,6.3,0.931,4.62
PIN,LS8,red,0.555,0.0323,0.574,0.036,5.82,6.27,0.965,4.6
PIN,LS8,nir,0.648,0.0413,0.649,0.04,6.39,6.16,0.998,4.9
PIN,LS8,swir1,0.73,0.0421,0.741,0.0448,5.76,6.04,0.985,4.49
PIN,LS8,swir2,0.59,0.0292,0.607,0.0405,4.96,6.68,0.972,3.99
PIN,LS8,CA,0.18,0.015,0.189,0.0139,8.34,7.33,0.953,5.95
PIN,LS8,blue,0.218,0.019,0.238,0.0172,8.74,7.2,0.914,6.06
PIN,LS8,green,0.43,0.0293,0.472,0.0305,6.81,6.46,0.912,4.83
PIN,LS8,red,0.56,0.0379,0.593,0.0375,6.77,6.31,0.944,4.85
PIN,LS8,nir,0.656,0.0493,0.671,0.0415,7.52,6.19,0.978,5.13
PIN,LS8,swir1,0.737,0.0501,0.768,0.0458,6.8,5.97,0.96,4.79
PIN,LS8,swir2,0.592,0.0344,0.628,0.0405,5.82,6.45,0.942,4.47
WIN,LS8,CA,0.176,0.00899,0.188,0.0128,5.11,6.83,0.937,4.68
WIN,LS8,blue,0.198,0.00892,0.222,0.0144,4.49,6.47,0.893,4.26
WIN,LS8,green,0.317,0.00909,0.342,0.0177,2.87,5.17,0.928,2.67
WIN,LS8,red,0.453,0.0143,0.48,0.0208,3.15,4.34,0.944,2.41
WIN,LS8,nir,0.514,0.0175,0.533,0.0241,3.41,4.51,0.964,2.64
WIN,LS8,swir1,0.656,0.0169,0.686,0.0225,2.58,3.28,0.957,2.31
WIN,LS8,swir2,0.574,0.0176,0.602,0.0181,3.06,3.01,0.953,1.93
WIN,LS8,CA,0.174,0.0134,0.178,0.0143,7.71,8.05,0.976,5.69
WIN,LS8,blue,0.194,0.0142,0.21,0.0159,7.31,7.58,0.923,5.25
WIN,LS8,green,0.304,0.0138,0.324,0.0204,4.54,6.3,0.939,3.26
WIN,LS8,red,0.44,0.0177,0.461,0.0257,4.01,5.57,0.954,2.59
WIN,LS8,nir,0.499,0.0213,0.523,0.0306,4.27,5.86,0.954,2.9
WIN,LS8,swir1,0.638,0.0232,0.671,0.0288,3.63,4.3,0.951,2.34
WIN,LS8,swir2,0.542,0.0171,0.581,0.0218,3.16,3.76,0.934,1.91
BLA,S2A,CA,0.0762,0.00101,0.0595,0.0087,1.33,14.6,1.28,1.11
BLA,S2A,blue,0.088,0.00274,0.075,0.0113,3.12,15.1,1.17,2.93
BLA,S2A,green,0.119,0.00395,0.11,0.0182,3.31,16.5,1.08,3.06
BLA,S2A,red,0.173,0.00675,0.164,0.0297,3.89,18.1,1.06,3.69
BLA,S2A,RE1,0.201,0.0061,0.184,0.0319,3.03,17.3,1.09,2.66
BLA,S2A,RE2,0.218,0.00631,0.204,0.0338,2.9,16.6,1.07,2.6
BLA,S2A,RE3,0.228,0.00596,0.217,0.035,2.61,16.1,1.05,2.31
BLA,S2A,nir_1,0.25,0.00763,0.234,0.0367,3.05,15.7,1.07,2.78
BLA,S2A,nir_2,0.264,0.00591,0.244,0.0378,2.24,15.5,1.08,1.94
BLA,S2A,swir_2,0.398,0.0059,0.379,0.0611,1.48,16.1,1.05,1.15
BLA,S2A,swir_3,0.317,0.00835,0.309,0.0611,2.64,19.8,1.02,2.11
DOO,S2A,CA,0.0864,0.000829,0.0656,0.00998,0.96,15.2,1.32,1.03
DOO,S2A,blue,0.0973,0.00192,0.0855,0.0121,1.97,14.2,1.14,1.4
DOO,S2A,green,0.137,0.00263,0.125,0.0153,1.92,12.3,1.1,1.4
DOO,S2A,red,0.208,0.00362,0.184,0.0236,1.74,12.8,1.13,1.36
DOO,S2A,RE1,0.237,0.00366,0.202,0.0256,1.55,12.7,1.17,0.965
DOO,S2A,RE2,0.25,0.00364,0.218,0.0272,1.46,12.5,1.15,0.99
DOO,S2A,RE3,0.262,0.00389,0.235,0.0285,1.48,12.1,1.12,1.04
DOO,S2A,nir_1,0.285,0.00521,0.253,0.0292,1.83,11.6,1.13,1.52
DOO,S2A,nir_2,0.297,0.00455,0.263,0.0296,1.53,11.2,1.13,1.14
DOO,S2A,swir_2,0.422,0.00752,0.381,0.0338,1.78,8.86,1.11,1.82
DOO,S2A,swir_3,0.347,0.00667,0.315,0.0465,1.92,14.8,1.1,2.07
DOO,S2A,CA,0.0502,0.000495,0.0472,0.00823,0.986,17.4,1.06,0.728
DOO,S2A,blue,0.0544,0.0019,0.0602,0.00971,3.5,16.1,0.904,3.4
DOO,S2A,green,0.0848,0.00185,0.0932,0.0111,2.18,11.9,0.91,2.58
DOO,S2A,red,0.137,0.00227,0.141,0.014,1.66,9.89,0.969,1.57
DOO,S2A,RE1,0.16,0.00221,0.155,0.0145,1.38,9.32,1.03,1.33
DOO,S2A,RE2,0.173,0.00262,0.168,0.0146,1.52,8.71,1.03,1.7
DOO,S2A,RE3,0.172,0.00166,0.17,0.0145,0.965,8.54,1.01,0.814
DOO,S2A,nir_1,0.183,0.00232,0.181,0.0156,1.27,8.64,1.01,1.22
DOO,S2A,nir_2,0.194,0.00188,0.188,0.0163,0.969,8.7,1.03,0.893
DOO,S2A,swir_2,0.302,0.00425,0.3,0.0299,1.41,9.97,1.01,1.13
DOO,S2A,swir_3,0.28,0.00178,0.278,0.0277,0.636,9.94,1.01,0.557
FOW,S2A,CA,0.056,0.001,0.0548,0.00549,1.79,10,1.02,1.13
FOW,S2A,blue,0.0687,0.00208,0.0744,0.00763,3.02,10.3,0.923,2.31
FOW,S2A,green,0.128,0.00368,0.137,0.0147,2.87,10.7,0.933,2.19
FOW,S2A,red,0.249,0.00695,0.255,0.0281,2.79,11,0.976,2.2
FOW,S2A,RE1,0.28,0.00716,0.277,0.03,2.56,10.8,1.01,2.17
FOW,S2A,RE2,0.293,0.00799,0.295,0.0311,2.73,10.5,0.992,2.25
FOW,S2A,RE3,0.298,0.00814,0.305,0.0311,2.73,10.2,0.978,2.27
FOW,S2A,nir_1,0.303,0.00767,0.311,0.0304,2.53,9.77,0.975,2.03
FOW,S2A,nir_2,0.316,0.0066,0.314,0.0299,2.09,9.52,1.01,1.64
FOW,S2A,swir_2,0.46,0.00457,0.447,0.0348,0.992,7.78,1.03,0.679
FOW,S2A,swir_3,0.377,0.00484,0.374,0.0332,1.28,8.86,1.01,0.769
LGR,S2A,CA,0.0809,0.000667,0.0684,0.00884,0.824,12.9,1.18,0.727
LGR,S2A,blue,0.0917,0.00227,0.0891,0.0121,2.48,13.5,1.03,2.01
LGR,S2A,green,0.13,0.00332,0.129,0.0166,2.56,12.9,1.01,2.05
LGR,S2A,red,0.177,0.00458,0.171,0.0211,2.59,12.3,1.03,2.09
LGR,S2A,RE1,0.204,0.00513,0.189,0.0237,2.51,12.5,1.08,2.08
LGR,S2A,RE2,0.218,0.00618,0.209,0.028,2.83,13.4,1.05,2.44
LGR,S2A,RE3,0.226,0.00627,0.219,0.029,2.78,13.2,1.03,2.36
LGR,S2A,nir_1,0.24,0.00803,0.231,0.0302,3.34,13.1,1.04,2.79
LGR,S2A,nir_2,0.248,0.00672,0.238,0.031,2.71,13,1.04,2.27
LGR,S2A,swir_2,0.335,0.00516,0.313,0.0362,1.54,11.6,1.07,1.4
LGR,S2A,swir_3,0.283,0.0041,0.264,0.0352,1.45,13.3,1.07,1.25
LGR,S2A,CA,0.0865,0.000903,0.0748,0.00847,1.04,11.3,1.16,0.936
LGR,S2A,blue,0.098,0.00224,0.0992,0.0118,2.29,11.9,0.989,1.9
LGR,S2A,green,0.14,0.00352,0.146,0.017,2.52,11.6,0.957,1.85
LGR,S2A,red,0.192,0.00512,0.196,0.0226,2.66,11.5,0.979,2.07
LGR,S2A,RE1,0.219,0.00553,0.215,0.0246,2.53,11.4,1.01,2.06
LGR,S2A,RE2,0.231,0.00716,0.234,0.0272,3.1,11.6,0.987,2.57
LGR,S2A,RE3,0.237,0.00658,0.245,0.0281,2.78,11.5,0.966,2.25
LGR,S2A,nir_1,0.248,0.00801,0.257,0.0291,3.23,11.3,0.965,2.47
LGR,S2A,nir_2,0.261,0.00726,0.265,0.0297,2.78,11.2,0.985,2.12
LGR,S2A,swir_2,0.35,0.00514,0.343,0.0357,1.47,10.4,1.02,1.2
LGR,S2A,swir_3,0.287,0.0039,0.283,0.0319,1.36,11.3,1.01,1.09
LLF,S2A,CA,0.268,0.0184,0.345,0.0207,6.86,6,0.776,4.69
LLF,S2A,blue,0.292,0.02,0.367,0.0213,6.84,5.81,0.797,2.64
LLF,S2A,green,0.365,0.0217,0.443,0.0244,5.94,5.52,0.823,2.42
LLF,S2A,red,0.474,0.0219,0.534,0.0263,4.61,4.92,0.887,2.62
LLF,S2A,RE1,0.503,0.0237,0.546,0.026,4.72,4.76,0.92,2.54
LLF,S2A,RE2,0.496,0.0224,0.546,0.0261,4.52,4.79,0.908,2.33
LLF,S2A,RE3,0.475,0.0217,0.528,0.0238,4.57,4.51,0.899,2.43
LLF,S2A,nir_1,0.484,0.0216,0.528,0.0241,4.45,4.56,0.917,2.58
LLF,S2A,nir_2,0.481,0.0222,0.524,0.0244,4.63,4.66,0.918,2.53
LLF,S2A,swir_2,0.0974,0.0204,0.136,0.0271,20.9,19.9,0.716,15.6
LLF,S2A,swir_3,0.0383,0.0106,0.0644,0.0134,27.6,20.8,0.595,19.4
NRB,S2A,CA,0.0573,0.00358,0.0331,0.00566,6.25,17.1,1.73,3.84
NRB,S2A,blue,0.0521,0.00656,0.0429,0.00712,12.6,16.6,1.21,3.72
NRB,S2A,green,0.0797,0.007,0.0776,0.00846,8.78,10.9,1.03,2.78
NRB,S2A,red,0.0656,0.0112,0.057,0.0129,17,22.7,1.15,5.24
NRB,S2A,RE1,0.122,0.00615,0.113,0.0125,5.05,11,1.07,2.7
NRB,S2A,RE2,0.304,0.0151,0.321,0.0194,4.96,6.05,0.945,1.53
NRB,S2A,RE3,0.368,0.0209,0.38,0.0266,5.68,6.99,0.967,1.88
NRB,S2A,nir_1,0.394,0.0251,0.402,0.0276,6.38,6.86,0.98,2.33
NRB,S2A,nir_2,0.413,0.0243,0.415,0.0281,5.89,6.78,0.994,1.91
NRB,S2A,swir_2,0.301,0.0106,0.284,0.0248,3.52,8.73,1.06,1.57
NRB,S2A,swir_3,0.157,0.00919,0.143,0.022,5.87,15.3,1.09,2.87
NRB,S2A,CA,0.048,0.00653,0.0326,0.00781,13.6,24,1.47,8.34
NRB,S2A,blue,0.0483,0.0127,0.043,0.0102,26.2,23.7,1.12,12.1
NRB,S2A,green,0.0828,0.0129,0.079,0.0111,15.5,14,1.05,8.63
NRB,S2A,red,0.0866,0.0218,0.0703,0.0221,25.2,31.4,1.23,11.5
NRB,S2A,RE1,0.164,0.015,0.139,0.0181,9.14,13,1.18,5.25
NRB,S2A,RE2,0.344,0.0366,0.341,0.0555,10.6,16.3,1.01,7.04
NRB,S2A,RE3,0.37,0.0422,0.399,0.0721,11.4,18.1,0.928,7.07
NRB,S2A,nir_1,0.405,0.0546,0.426,0.0725,13.5,17,0.951,8
NRB,S2A,nir_2,0.419,0.047,0.442,0.0724,11.2,16.4,0.948,6.61
NRB,S2A,swir_2,0.306,0.0233,0.288,0.0379,7.6,13.2,1.06,4.82
NRB,S2A,swir_3,0.195,0.0198,0.162,0.0396,10.2,24.4,1.2,5.81
PIN,S2A,CA,0.17,0.00992,0.164,0.00733,5.83,4.48,1.04,4.02
PIN,S2A,blue,0.216,0.0138,0.224,0.00973,6.37,4.34,0.965,3.78
PIN,S2A,green,0.385,0.0158,0.409,0.0168,4.12,4.12,0.941,3.3
PIN,S2A,red,0.512,0.0194,0.525,0.0213,3.79,4.04,0.974,3.2
PIN,S2A,RE1,0.563,0.0206,0.552,0.0224,3.66,4.06,1.02,3.12
PIN,S2A,RE2,0.578,0.0209,0.578,0.0235,3.62,4.07,0.999,3.09
PIN,S2A,RE3,0.588,0.0212,0.6,0.0236,3.6,3.92,0.979,3.13
PIN,S2A,nir_1,0.607,0.0243,0.603,0.0238,3.99,3.94,1.01,3.49
PIN,S2A,nir_2,0.608,0.0237,0.603,0.0237,3.9,3.93,1.01,3.25
PIN,S2A,swir_2,0.721,0.022,0.697,0.0277,3.05,3.98,1.03,2.76
PIN,S2A,swir_3,0.568,0.0154,0.581,0.0241,2.71,4.16,0.977,2.44
PIN,S2A,CA,0.175,0.00843,0.168,0.0139,4.82,8.24,1.04,3.67
PIN,S2A,blue,0.223,0.0124,0.23,0.0166,5.53,7.19,0.969,5.16
PIN,S2A,green,0.394,0.0151,0.413,0.0202,3.84,4.9,0.956,3.41
PIN,S2A,red,0.523,0.0197,0.53,0.0254,3.77,4.8,0.986,3.43
PIN,S2A,RE1,0.565,0.0211,0.558,0.0267,3.74,4.78,1.01,3.3
PIN,S2A,RE2,0.586,0.0217,0.586,0.0277,3.7,4.74,1,3.23
PIN,S2A,RE3,0.597,0.0218,0.603,0.0274,3.66,4.54,0.99,3.19
PIN,S2A,nir_1,0.605,0.0245,0.608,0.028,4.04,4.61,0.996,3.62
PIN,S2A,nir_2,0.62,0.0239,0.609,0.0284,3.86,4.67,1.02,3.32
PIN,S2A,swir_2,0.729,0.0247,0.696,0.0301,3.4,4.32,1.05,2.98
PIN,S2A,swir_3,0.565,0.0186,0.556,0.0274,3.3,4.93,1.02,3.27
PIN,S2A,CA,0.182,0.0113,0.19,0.0149,6.24,7.86,0.954,4.52
PIN,S2A,blue,0.231,0.0171,0.259,0.0188,7.41,7.26,0.894,6.02
PIN,S2A,green,0.403,0.0226,0.46,0.0295,5.61,6.43,0.876,4.56
PIN,S2A,red,0.534,0.03,0.583,0.0376,5.62,6.46,0.916,4.8
PIN,S2A,RE1,0.581,0.0322,0.61,0.0393,5.55,6.44,0.951,4.65
PIN,S2A,RE2,0.601,0.0327,0.638,0.0411,5.45,6.44,0.942,4.57
PIN,S2A,RE3,0.605,0.0336,0.645,0.0406,5.55,6.29,0.939,4.62
PIN,S2A,nir_1,0.618,0.036,0.65,0.0406,5.83,6.25,0.952,4.92
PIN,S2A,nir_2,0.632,0.0364,0.651,0.0405,5.77,6.23,0.971,4.77
PIN,S2A,swir_2,0.754,0.038,0.739,0.0462,5.04,6.25,1.02,4.32
PIN,S2A,swir_3,0.595,0.0279,0.603,0.0439,4.68,7.28,0.987,4.53
PIN,S2A,CA,0.183,0.011,0.192,0.0142,6.03,7.42,0.955,4.23
PIN,S2A,blue,0.236,0.0166,0.261,0.0183,7.03,7.02,0.905,5.4
PIN,S2A,green,0.412,0.024,0.466,0.0311,5.82,6.67,0.884,4.91
PIN,S2A,red,0.547,0.032,0.587,0.0397,5.85,6.76,0.932,5.06
PIN,S2A,RE1,0.601,0.0344,0.615,0.0414,5.72,6.73,0.977,4.73
PIN,S2A,RE2,0.619,0.0362,0.646,0.0432,5.85,6.69,0.959,4.86
PIN,S2A,RE3,0.614,0.0362,0.648,0.0422,5.89,6.52,0.947,4.83
PIN,S2A,nir_1,0.631,0.0389,0.652,0.0424,6.17,6.49,0.967,5.14
PIN,S2A,nir_2,0.638,0.0392,0.653,0.0424,6.15,6.49,0.978,4.96
PIN,S2A,swir_2,0.758,0.0423,0.744,0.0492,5.57,6.62,1.02,4.66
PIN,S2A,swir_3,0.609,0.0316,0.611,0.0465,5.19,7.62,0.997,4.92
PIN,S2A,CA,0.183,0.00994,0.193,0.0134,5.43,6.93,0.948,3.79
PIN,S2A,blue,0.236,0.0152,0.265,0.0173,6.44,6.55,0.892,4.94
PIN,S2A,green,0.412,0.023,0.475,0.0307,5.57,6.46,0.868,4.66
PIN,S2A,red,0.547,0.031,0.603,0.0405,5.66,6.71,0.908,4.9
PIN,S2A,RE1,0.601,0.0326,0.634,0.0429,5.43,6.77,0.948,4.71
PIN,S2A,RE2,0.619,0.0345,0.664,0.0454,5.57,6.84,0.933,4.81
PIN,S2A,RE3,0.614,0.0342,0.667,0.0449,5.58,6.74,0.921,4.82
PIN,S2A,nir_1,0.631,0.037,0.67,0.0449,5.87,6.7,0.942,5
PIN,S2A,nir_2,0.638,0.037,0.67,0.0447,5.79,6.67,0.953,4.92
PIN,S2A,swir_2,0.759,0.0404,0.764,0.0523,5.33,6.85,0.993,4.7
PIN,S2A,swir_3,0.61,0.0314,0.626,0.0473,5.16,7.55,0.973,5.06
WIN,S2A,CA,0.18,0.00604,0.187,0.0128,3.35,6.84,0.962,2.63
WIN,S2A,blue,0.214,0.012,0.231,0.0147,5.63,6.36,0.926,4.36
WIN,S2A,green,0.312,0.0113,0.337,0.0176,3.63,5.21,0.925,2.97
WIN,S2A,red,0.461,0.0135,0.486,0.0207,2.93,4.25,0.95,2.59
WIN,S2A,RE1,0.52,0.0149,0.52,0.0222,2.86,4.28,1,2.29
WIN,S2A,RE2,0.532,0.0155,0.542,0.0232,2.91,4.28,0.982,2.31
WIN,S2A,RE3,0.514,0.0154,0.537,0.0231,3,4.31,0.958,2.42
WIN,S2A,nir_1,0.53,0.0174,0.534,0.0237,3.28,4.44,0.991,2.86
WIN,S2A,nir_2,0.522,0.016,0.533,0.0241,3.06,4.51,0.979,2.6
WIN,S2A,swir_2,0.701,0.0173,0.686,0.0225,2.46,3.28,1.02,1.88
WIN,S2A,swir_3,0.609,0.0139,0.6,0.0181,2.29,3.02,1.02,1.5
DOO,S2B,CA,0.0746,0.000496,0.0617,0.00557,0.666,9.04,1.21,0.805
DOO,S2B,blue,0.0846,0.00164,0.081,0.00663,1.94,8.19,1.04,2.16
DOO,S2B,green,0.123,0.00181,0.122,0.00708,1.47,5.82,1.01,1.68
DOO,S2B,red,0.193,0.00233,0.188,0.0148,1.21,7.86,1.03,1.29
DOO,S2B,RE1,0.219,0.00191,0.208,0.0161,0.872,7.78,1.05,0.835
DOO,S2B,RE2,0.234,0.00209,0.225,0.0171,0.895,7.62,1.04,0.797
DOO,S2B,RE3,0.24,0.00196,0.237,0.0173,0.817,7.27,1.01,0.75
DOO,S2B,nir_1,0.257,0.00271,0.257,0.0171,1.05,6.65,1,0.894
DOO,S2B,nir_2,0.275,0.00209,0.267,0.0169,0.763,6.32,1.03,0.522
DOO,S2B,swir_2,0.414,0.00269,0.401,0.0234,0.649,5.83,1.03,0.578
DOO,S2B,swir_3,0.365,0.00272,0.353,0.0406,0.744,11.5,1.03,0.74
LGR,S2B,CA,0.0818,0.000709,0.0725,0.00856,0.868,11.8,1.13,0.756
LGR,S2B,blue,0.0949,0.00247,0.0958,0.0122,2.61,12.7,0.991,2.16
LGR,S2B,green,0.135,0.00346,0.14,0.0173,2.57,12.4,0.964,1.96
LGR,S2B,red,0.185,0.0053,0.188,0.0236,2.86,12.5,0.983,2.19
LGR,S2B,RE1,0.209,0.00553,0.206,0.0258,2.65,12.6,1.01,2.11
LGR,S2B,RE2,0.221,0.00611,0.222,0.028,2.77,12.6,0.993,2.25
LGR,S2B,RE3,0.224,0.00632,0.231,0.029,2.82,12.5,0.971,2.2
LGR,S2B,nir_1,0.238,0.00787,0.244,0.0303,3.31,12.4,0.977,2.57
LGR,S2B,nir_2,0.248,0.00685,0.25,0.031,2.76,12.4,0.992,2.08
LGR,S2B,swir_2,0.338,0.00559,0.328,0.0363,1.65,11,1.03,1.37
LGR,S2B,swir_3,0.281,0.00455,0.275,0.0317,1.62,11.5,1.02,1.35
LKG,S2B,CA,0.064,0.00516,0.0855,0.0106,8.05,12.4,0.749,6.44
LKG,S2B,blue,0.0771,0.00726,0.0978,0.0122,9.42,12.5,0.789,8.16
LKG,S2B,green,0.0925,0.0085,0.11,0.0138,9.19,12.5,0.839,7.73
LKG,S2B,red,0.113,0.0103,0.125,0.0156,9.09,12.5,0.905,7.83
LKG,S2B,RE1,0.13,0.0115,0.134,0.0161,8.79,12,0.97,7.23
LKG,S2B,RE2,0.14,0.0121,0.143,0.0164,8.63,11.5,0.979,7.44
LKG,S2B,RE3,0.136,0.0111,0.147,0.0164,8.18,11.2,0.924,6.75
LKG,S2B,nir_1,0.15,0.0131,0.157,0.0173,8.73,11,0.953,7.41
LKG,S2B,nir_2,0.153,0.0131,0.163,0.0178,8.55,10.9,0.943,7.24
LKG,S2B,swir_2,0.228,0.0192,0.233,0.0261,8.44,11.2,0.977,7.26
LKG,S2B,swir_3,0.186,0.0189,0.194,0.0266,10.2,13.7,0.957,8.79
LKG,S2B,CA,0.0794,0.00322,0.0748,0.0059,4.05,7.89,1.06,2.91
LKG,S2B,blue,0.0865,0.00426,0.0839,0.00677,4.93,8.08,1.03,4.19
LKG,S2B,green,0.0957,0.00511,0.0936,0.00767,5.34,8.19,1.02,4.5
LKG,S2B,red,0.11,0.00587,0.104,0.00879,5.32,8.41,1.06,4.47
LKG,S2B,RE1,0.123,0.00603,0.111,0.00921,4.9,8.32,1.11,3.88
LKG,S2B,RE2,0.131,0.00713,0.118,0.0113,5.43,9.6,1.11,4.41
LKG,S2B,RE3,0.132,0.00663,0.125,0.0121,5.01,9.66,1.06,3.96
LKG,S2B,nir_1,0.144,0.00821,0.133,0.0125,5.69,9.35,1.08,4.89
LKG,S2B,nir_2,0.147,0.00726,0.138,0.0127,4.94,9.2,1.07,4.14
LKG,S2B,swir_2,0.229,0.00859,0.214,0.0151,3.76,7.05,1.07,2.86
LKG,S2B,swir_3,0.195,0.00865,0.182,0.0154,4.43,8.48,1.07,3.37
LKG,S2B,CA,0.0495,0.0033,0.0505,0.00484,6.67,9.59,0.98,4.77
LKG,S2B,blue,0.0539,0.00475,0.0566,0.00559,8.81,9.87,0.952,6.9
LKG,S2B,green,0.0609,0.00531,0.0637,0.00646,8.73,10.1,0.956,6.52
LKG,S2B,red,0.073,0.00645,0.0718,0.00745,8.84,10.4,1.02,6.7
LKG,S2B,RE1,0.0862,0.00723,0.0764,0.00794,8.39,10.4,1.13,6.04
LKG,S2B,RE2,0.0918,0.00739,0.0812,0.00885,8.05,10.9,1.13,5.84
LKG,S2B,RE3,0.0917,0.00709,0.087,0.00934,7.73,10.7,1.05,5.7
LKG,S2B,nir_1,0.105,0.00863,0.0935,0.00986,8.2,10.5,1.13,6.38
LKG,S2B,nir_2,0.103,0.00767,0.097,0.0102,7.42,10.5,1.07,5.56
LKG,S2B,swir_2,0.172,0.00999,0.161,0.0139,5.8,8.59,1.07,4
LKG,S2B,swir_3,0.144,0.0104,0.13,0.0133,7.19,10.2,1.11,5.06
NRB,S2B,CA,0.0589,0.00442,0.033,0.00564,7.5,17.1,1.78,5.08
NRB,S2B,blue,0.0554,0.00609,0.0428,0.00711,11,16.6,1.29,4.1
NRB,S2B,green,0.0838,0.00669,0.0777,0.00842,7.99,10.8,1.08,2.82
NRB,S2B,red,0.0707,0.0108,0.0569,0.0129,15.2,22.7,1.24,6.47
NRB,S2B,RE1,0.129,0.0064,0.112,0.0125,4.94,11.1,1.16,3.11
NRB,S2B,RE2,0.305,0.0128,0.315,0.0187,4.21,5.94,0.968,1.38
NRB,S2B,RE3,0.359,0.0176,0.379,0.0265,4.89,6.99,0.949,1.77
NRB,S2B,nir_1,0.4,0.0221,0.402,0.0276,5.51,6.86,0.995,2.24
NRB,S2B,nir_2,0.404,0.0207,0.415,0.0281,5.13,6.78,0.975,1.66
NRB,S2B,swir_2,0.31,0.0118,0.281,0.0248,3.8,8.81,1.1,2.35
NRB,S2B,swir_3,0.172,0.00995,0.142,0.0221,5.79,15.6,1.21,3.62
PIN,S2B,CA,0.218,0.00851,0.245,0.0201,3.9,8.22,0.891,2.94
PIN,S2B,blue,0.284,0.0148,0.321,0.0234,5.22,7.27,0.884,4.58
PIN,S2B,green,0.448,0.0226,0.503,0.0263,5.04,5.22,0.891,4.17
PIN,S2B,red,0.575,0.0326,0.619,0.0325,5.67,5.26,0.929,4.68
PIN,S2B,RE1,0.632,0.0353,0.647,0.0345,5.59,5.34,0.978,4.55
PIN,S2B,RE2,0.654,0.0374,0.673,0.0362,5.73,5.38,0.971,4.57
PIN,S2B,RE3,0.631,0.0368,0.672,0.0364,5.83,5.42,0.939,4.68
PIN,S2B,nir_1,0.665,0.0418,0.682,0.0378,6.28,5.55,0.975,5.17
PIN,S2B,nir_2,0.664,0.0399,0.686,0.0385,6,5.62,0.967,4.87
PIN,S2B,swir_2,0.75,0.0477,0.73,0.0465,6.36,6.37,1.03,5.07
PIN,S2B,swir_3,0.596,0.036,0.579,0.0391,6.05,6.76,1.03,4.72
PIN,S2B,CA,0.168,0.00805,0.161,0.0118,4.79,7.37,1.05,3.52
PIN,S2B,blue,0.219,0.0121,0.221,0.0135,5.51,6.08,0.99,5.59
PIN,S2B,green,0.383,0.0113,0.4,0.0125,2.96,3.13,0.958,2.77
PIN,S2B,red,0.511,0.0166,0.519,0.0173,3.25,3.33,0.985,3.12
PIN,S2B,RE1,0.571,0.0176,0.547,0.019,3.07,3.48,1.04,2.95
PIN,S2B,RE2,0.591,0.0185,0.574,0.0203,3.12,3.53,1.03,2.97
PIN,S2B,RE3,0.589,0.0179,0.594,0.0207,3.04,3.48,0.991,2.91
PIN,S2B,nir_1,0.626,0.0207,0.602,0.0241,3.31,4,1.04,3.16
PIN,S2B,nir_2,0.612,0.0194,0.603,0.0244,3.18,4.05,1.01,3.03
PIN,S2B,swir_2,0.72,0.0226,0.699,0.0275,3.14,3.94,1.03,3.07
PIN,S2B,swir_3,0.578,0.0221,0.578,0.0281,3.83,4.86,0.999,4.04
WIN,S2B,CA,0.158,0.00889,0.186,0.0162,5.61,8.7,0.851,4.54
WIN,S2B,blue,0.189,0.0171,0.229,0.0179,9.09,7.84,0.826,5.67
WIN,S2B,green,0.276,0.019,0.332,0.0212,6.9,6.39,0.83,4.3
WIN,S2B,red,0.415,0.023,0.491,0.0278,5.55,5.67,0.845,3.57
WIN,S2B,RE1,0.466,0.0253,0.528,0.0304,5.43,5.76,0.883,3.77
WIN,S2B,RE2,0.488,0.0272,0.553,0.0321,5.58,5.81,0.882,3.83
WIN,S2B,RE3,0.475,0.0263,0.549,0.0311,5.54,5.65,0.865,3.88
WIN,S2B,nir_1,0.49,0.0292,0.547,0.0317,5.96,5.79,0.896,4.08
WIN,S2B,nir_2,0.485,0.0278,0.546,0.0321,5.73,5.88,0.889,4.18
WIN,S2B,swir_2,0.653,0.0284,0.7,0.0326,4.35,4.66,0.933,3.18
WIN,S2B,swir_3,0.558,0.0214,0.613,0.0269,3.84,4.4,0.911,2.43
