BLA S2A CA	0.0762	0.00101	0.0595	0.0087	1.33	14.6	1.28	1.11
BLA S2A blue	0.088	0.00274	0.075	0.0113	3.12	15.1	1.17	2.93
BLA S2A green	0.119	0.00395	0.11	0.0182	3.31	16.5	1.08	3.06
BLA S2A red	0.173	0.00675	0.164	0.0297	3.89	18.1	1.06	3.69
BLA S2A RE1	0.201	0.0061	0.184	0.0319	3.03	17.3	1.09	2.66
BLA S2A RE2	0.218	0.00631	0.204	0.0338	2.9	16.6	1.07	2.6
BLA S2A RE3	0.228	0.00596	0.217	0.035	2.61	16.1	1.05	2.31
BLA S2A nir_1	0.25	0.00763	0.234	0.0367	3.05	15.7	1.07	2.78
BLA S2A nir_2	0.264	0.00591	0.244	0.0378	2.24	15.5	1.08	1.94
BLA S2A swir_2	0.398	0.0059	0.379	0.0611	1.48	16.1	1.05	1.15
BLA S2A swir_3	0.317	0.00835	0.309	0.0611	2.64	19.8	1.02	2.11
DOO S2A CA	0.0864	0.000829	0.0656	0.00998	0.96	15.2	1.32	1.03
DOO S2A blue	0.0973	0.00192	0.0855	0.0121	1.97	14.2	1.14	1.4
DOO S2A green	0.137	0.00263	0.125	0.0153	1.92	12.3	1.1	1.4
DOO S2A red	0.208	0.00362	0.184	0.0236	1.74	12.8	1.13	1.36
DOO S2A RE1	0.237	0.00366	0.202	0.0256	1.55	12.7	1.17	0.965
DOO S2A RE2	0.25	0.00364	0.218	0.0272	1.46	12.5	1.15	0.99
DOO S2A RE3	0.262	0.00389	0.235	0.0285	1.48	12.1	1.12	1.04
DOO S2A nir_1	0.285	0.00521	0.253	0.0292	1.83	11.6	1.13	1.52
DOO S2A nir_2	0.297	0.00455	0.263	0.0296	1.53	11.2	1.13	1.14
DOO S2A swir_2	0.422	0.00752	0.381	0.0338	1.78	8.86	1.11	1.82
DOO S2A swir_3	0.347	0.00667	0.315	0.0465	1.92	14.8	1.1	2.07
DOO S2A CA	0.0502	0.000495	0.0472	0.00823	0.986	17.4	1.06	0.728
DOO S2A blue	0.0544	0.0019	0.0602	0.00971	3.5	16.1	0.904	3.4
DOO S2A green	0.0848	0.00185	0.0932	0.0111	2.18	11.9	0.91	2.58
DOO S2A red	0.137	0.00227	0.141	0.014	1.66	9.89	0.969	1.57
DOO S2A RE1	0.16	0.00221	0.155	0.0145	1.38	9.32	1.03	1.33
DOO S2A RE2	0.173	0.00262	0.168	0.0146	1.52	8.71	1.03	1.7
DOO S2A RE3	0.172	0.00166	0.17	0.0145	0.965	8.54	1.01	0.814
DOO S2A nir_1	0.183	0.00232	0.181	0.0156	1.27	8.64	1.01	1.22
DOO S2A nir_2	0.194	0.00188	0.188	0.0163	0.969	8.7	1.03	0.893
DOO S2A swir_2	0.302	0.00425	0.3	0.0299	1.41	9.97	1.01	1.13
DOO S2A swir_3	0.28	0.00178	0.278	0.0277	0.636	9.94	1.01	0.557
FOW S2A CA	0.056	0.001	0.0548	0.00549	1.79	10	1.02	1.13
FOW S2A blue	0.0687	0.00208	0.0744	0.00763	3.02	10.3	0.923	2.31
FOW S2A green	0.128	0.00368	0.137	0.0147	2.87	10.7	0.933	2.19
FOW S2A red	0.249	0.00695	0.255	0.0281	2.79	11	0.976	2.2
FOW S2A RE1	0.28	0.00716	0.277	0.03	2.56	10.8	1.01	2.17
FOW S2A RE2	0.293	0.00799	0.295	0.0311	2.73	10.5	0.992	2.25
FOW S2A RE3	0.298	0.00814	0.305	0.0311	2.73	10.2	0.978	2.27
FOW S2A nir_1	0.303	0.00767	0.311	0.0304	2.53	9.77	0.975	2.03
FOW S2A nir_2	0.316	0.0066	0.314	0.0299	2.09	9.52	1.01	1.64
FOW S2A swir_2	0.46	0.00457	0.447	0.0348	0.992	7.78	1.03	0.679
FOW S2A swir_3	0.377	0.00484	0.374	0.0332	1.28	8.86	1.01	0.769
LGR S2A CA	0.0809	0.000667	0.0684	0.00884	0.824	12.9	1.18	0.727
LGR S2A blue	0.0917	0.00227	0.0891	0.0121	2.48	13.5	1.03	2.01
LGR S2A green	0.13	0.00332	0.129	0.0166	2.56	12.9	1.01	2.05
LGR S2A red	0.177	0.00458	0.171	0.0211	2.59	12.3	1.03	2.09
LGR S2A RE1	0.204	0.00513	0.189	0.0237	2.51	12.5	1.08	2.08
LGR S2A RE2	0.218	0.00618	0.209	0.028	2.83	13.4	1.05	2.44
LGR S2A RE3	0.226	0.00627	0.219	0.029	2.78	13.2	1.03	2.36
LGR S2A nir_1	0.24	0.00803	0.231	0.0302	3.34	13.1	1.04	2.79
LGR S2A nir_2	0.248	0.00672	0.238	0.031	2.71	13	1.04	2.27
LGR S2A swir_2	0.335	0.00516	0.313	0.0362	1.54	11.6	1.07	1.4
LGR S2A swir_3	0.283	0.0041	0.264	0.0352	1.45	13.3	1.07	1.25
LGR S2A CA	0.0865	0.000903	0.0748	0.00847	1.04	11.3	1.16	0.936
LGR S2A blue	0.098	0.00224	0.0992	0.0118	2.29	11.9	0.989	1.9
LGR S2A green	0.14	0.00352	0.146	0.017	2.52	11.6	0.957	1.85
LGR S2A red	0.192	0.00512	0.196	0.0226	2.66	11.5	0.979	2.07
LGR S2A RE1	0.219	0.00553	0.215	0.0246	2.53	11.4	1.01	2.06
LGR S2A RE2	0.231	0.00716	0.234	0.0272	3.1	11.6	0.987	2.57
LGR S2A RE3	0.237	0.00658	0.245	0.0281	2.78	11.5	0.966	2.25
LGR S2A nir_1	0.248	0.00801	0.257	0.0291	3.23	11.3	0.965	2.47
LGR S2A nir_2	0.261	0.00726	0.265	0.0297	2.78	11.2	0.985	2.12
LGR S2A swir_2	0.35	0.00514	0.343	0.0357	1.47	10.4	1.02	1.2
LGR S2A swir_3	0.287	0.0039	0.283	0.0319	1.36	11.3	1.01	1.09
LLF S2A CA	0.268	0.0184	0.345	0.0207	6.86	6	0.776	4.69
LLF S2A blue	0.292	0.02	0.367	0.0213	6.84	5.81	0.797	2.64
LLF S2A green	0.365	0.0217	0.443	0.0244	5.94	5.52	0.823	2.42
LLF S2A red	0.474	0.0219	0.534	0.0263	4.61	4.92	0.887	2.62
LLF S2A RE1	0.503	0.0237	0.546	0.026	4.72	4.76	0.92	2.54
LLF S2A RE2	0.496	0.0224	0.546	0.0261	4.52	4.79	0.908	2.33
LLF S2A RE3	0.475	0.0217	0.528	0.0238	4.57	4.51	0.899	2.43
LLF S2A nir_1	0.484	0.0216	0.528	0.0241	4.45	4.56	0.917	2.58
LLF S2A nir_2	0.481	0.0222	0.524	0.0244	4.63	4.66	0.918	2.53
LLF S2A swir_2	0.0974	0.0204	0.136	0.0271	20.9	19.9	0.716	15.6
LLF S2A swir_3	0.0383	0.0106	0.0644	0.0134	27.6	20.8	0.595	19.4
NRB S2A CA	0.0573	0.00358	0.0331	0.00566	6.25	17.1	1.73	3.84
NRB S2A blue	0.0521	0.00656	0.0429	0.00712	12.6	16.6	1.21	3.72
NRB S2A green	0.0797	0.007	0.0776	0.00846	8.78	10.9	1.03	2.78
NRB S2A red	0.0656	0.0112	0.057	0.0129	17	22.7	1.15	5.24
NRB S2A RE1	0.122	0.00615	0.113	0.0125	5.05	11	1.07	2.7
NRB S2A RE2	0.304	0.0151	0.321	0.0194	4.96	6.05	0.945	1.53
NRB S2A RE3	0.368	0.0209	0.38	0.0266	5.68	6.99	0.967	1.88
NRB S2A nir_1	0.394	0.0251	0.402	0.0276	6.38	6.86	0.98	2.33
NRB S2A nir_2	0.413	0.0243	0.415	0.0281	5.89	6.78	0.994	1.91
NRB S2A swir_2	0.301	0.0106	0.284	0.0248	3.52	8.73	1.06	1.57
NRB S2A swir_3	0.157	0.00919	0.143	0.022	5.87	15.3	1.09	2.87
NRB S2A CA	0.048	0.00653	0.0326	0.00781	13.6	24	1.47	8.34
NRB S2A blue	0.0483	0.0127	0.043	0.0102	26.2	23.7	1.12	12.1
NRB S2A green	0.0828	0.0129	0.079	0.0111	15.5	14	1.05	8.63
NRB S2A red	0.0866	0.0218	0.0703	0.0221	25.2	31.4	1.23	11.5
NRB S2A RE1	0.164	0.015	0.139	0.0181	9.14	13	1.18	5.25
NRB S2A RE2	0.344	0.0366	0.341	0.0555	10.6	16.3	1.01	7.04
NRB S2A RE3	0.37	0.0422	0.399	0.0721	11.4	18.1	0.928	7.07
NRB S2A nir_1	0.405	0.0546	0.426	0.0725	13.5	17	0.951	8
NRB S2A nir_2	0.419	0.047	0.442	0.0724	11.2	16.4	0.948	6.61
NRB S2A swir_2	0.306	0.0233	0.288	0.0379	7.6	13.2	1.06	4.82
NRB S2A swir_3	0.195	0.0198	0.162	0.0396	10.2	24.4	1.2	5.81
PIN S2A CA	0.17	0.00992	0.164	0.00733	5.83	4.48	1.04	4.02
PIN S2A blue	0.216	0.0138	0.224	0.00973	6.37	4.34	0.965	3.78
PIN S2A green	0.385	0.0158	0.409	0.0168	4.12	4.12	0.941	3.3
PIN S2A red	0.512	0.0194	0.525	0.0213	3.79	4.04	0.974	3.2
PIN S2A RE1	0.563	0.0206	0.552	0.0224	3.66	4.06	1.02	3.12
PIN S2A RE2	0.578	0.0209	0.578	0.0235	3.62	4.07	0.999	3.09
PIN S2A RE3	0.588	0.0212	0.6	0.0236	3.6	3.92	0.979	3.13
PIN S2A nir_1	0.607	0.0243	0.603	0.0238	3.99	3.94	1.01	3.49
PIN S2A nir_2	0.608	0.0237	0.603	0.0237	3.9	3.93	1.01	3.25
PIN S2A swir_2	0.721	0.022	0.697	0.0277	3.05	3.98	1.03	2.76
PIN S2A swir_3	0.568	0.0154	0.581	0.0241	2.71	4.16	0.977	2.44
PIN S2A CA	0.175	0.00843	0.168	0.0139	4.82	8.24	1.04	3.67
PIN S2A blue	0.223	0.0124	0.23	0.0166	5.53	7.19	0.969	5.16
PIN S2A green	0.394	0.0151	0.413	0.0202	3.84	4.9	0.956	3.41
PIN S2A red	0.523	0.0197	0.53	0.0254	3.77	4.8	0.986	3.43
PIN S2A RE1	0.565	0.0211	0.558	0.0267	3.74	4.78	1.01	3.3
PIN S2A RE2	0.586	0.0217	0.586	0.0277	3.7	4.74	1	3.23
PIN S2A RE3	0.597	0.0218	0.603	0.0274	3.66	4.54	0.99	3.19
PIN S2A nir_1	0.605	0.0245	0.608	0.028	4.04	4.61	0.996	3.62
PIN S2A nir_2	0.62	0.0239	0.609	0.0284	3.86	4.67	1.02	3.32
PIN S2A swir_2	0.729	0.0247	0.696	0.0301	3.4	4.32	1.05	2.98
PIN S2A swir_3	0.565	0.0186	0.556	0.0274	3.3	4.93	1.02	3.27
PIN S2A CA	0.182	0.0113	0.19	0.0149	6.24	7.86	0.954	4.52
PIN S2A blue	0.231	0.0171	0.259	0.0188	7.41	7.26	0.894	6.02
PIN S2A green	0.403	0.0226	0.46	0.0295	5.61	6.43	0.876	4.56
PIN S2A red	0.534	0.03	0.583	0.0376	5.62	6.46	0.916	4.8
PIN S2A RE1	0.581	0.0322	0.61	0.0393	5.55	6.44	0.951	4.65
PIN S2A RE2	0.601	0.0327	0.638	0.0411	5.45	6.44	0.942	4.57
PIN S2A RE3	0.605	0.0336	0.645	0.0406	5.55	6.29	0.939	4.62
PIN S2A nir_1	0.618	0.036	0.65	0.0406	5.83	6.25	0.952	4.92
PIN S2A nir_2	0.632	0.0364	0.651	0.0405	5.77	6.23	0.971	4.77
PIN S2A swir_2	0.754	0.038	0.739	0.0462	5.04	6.25	1.02	4.32
PIN S2A swir_3	0.595	0.0279	0.603	0.0439	4.68	7.28	0.987	4.53
PIN S2A CA	0.183	0.011	0.192	0.0142	6.03	7.42	0.955	4.23
PIN S2A blue	0.236	0.0166	0.261	0.0183	7.03	7.02	0.905	5.4
PIN S2A green	0.412	0.024	0.466	0.0311	5.82	6.67	0.884	4.91
PIN S2A red	0.547	0.032	0.587	0.0397	5.85	6.76	0.932	5.06
PIN S2A RE1	0.601	0.0344	0.615	0.0414	5.72	6.73	0.977	4.73
PIN S2A RE2	0.619	0.0362	0.646	0.0432	5.85	6.69	0.959	4.86
PIN S2A RE3	0.614	0.0362	0.648	0.0422	5.89	6.52	0.947	4.83
PIN S2A nir_1	0.631	0.0389	0.652	0.0424	6.17	6.49	0.967	5.14
PIN S2A nir_2	0.638	0.0392	0.653	0.0424	6.15	6.49	0.978	4.96
PIN S2A swir_2	0.758	0.0423	0.744	0.0492	5.57	6.62	1.02	4.66
PIN S2A swir_3	0.609	0.0316	0.611	0.0465	5.19	7.62	0.997	4.92
PIN S2A CA	0.183	0.00994	0.193	0.0134	5.43	6.93	0.948	3.79
PIN S2A blue	0.236	0.0152	0.265	0.0173	6.44	6.55	0.892	4.94
PIN S2A green	0.412	0.023	0.475	0.0307	5.57	6.46	0.868	4.66
PIN S2A red	0.547	0.031	0.603	0.0405	5.66	6.71	0.908	4.9
PIN S2A RE1	0.601	0.0326	0.634	0.0429	5.43	6.77	0.948	4.71
PIN S2A RE2	0.619	0.0345	0.664	0.0454	5.57	6.84	0.933	4.81
PIN S2A RE3	0.614	0.0342	0.667	0.0449	5.58	6.74	0.921	4.82
PIN S2A nir_1	0.631	0.037	0.67	0.0449	5.87	6.7	0.942	5
PIN S2A nir_2	0.638	0.037	0.67	0.0447	5.79	6.67	0.953	4.92
PIN S2A swir_2	0.759	0.0404	0.764	0.0523	5.33	6.85	0.993	4.7
PIN S2A swir_3	0.61	0.0314	0.626	0.0473	5.16	7.55	0.973	5.06
WIN S2A CA	0.18	0.00604	0.187	0.0128	3.35	6.84	0.962	2.63
WIN S2A blue	0.214	0.012	0.231	0.0147	5.63	6.36	0.926	4.36
WIN S2A green	0.312	0.0113	0.337	0.0176	3.63	5.21	0.925	2.97
WIN S2A red	0.461	0.0135	0.486	0.0207	2.93	4.25	0.95	2.59
WIN S2A RE1	0.52	0.0149	0.52	0.0222	2.86	4.28	1	2.29
WIN S2A RE2	0.532	0.0155	0.542	0.0232	2.91	4.28	0.982	2.31
WIN S2A RE3	0.514	0.0154	0.537	0.0231	3	4.31	0.958	2.42
WIN S2A nir_1	0.53	0.0174	0.534	0.0237	3.28	4.44	0.991	2.86
WIN S2A nir_2	0.522	0.016	0.533	0.0241	3.06	4.51	0.979	2.6
WIN S2A swir_2	0.701	0.0173	0.686	0.0225	2.46	3.28	1.02	1.88
WIN S2A swir_3	0.609	0.0139	0.6	0.0181	2.29	3.02	1.02	1.5
