,2018-08-1,5.6,23.2,0,,,WSW,87,16:17,14.4,43,,NNW,26,1009.5,22.1,24,,NW,43,1000.6
,2018-08-2,5.8,13.8,4.0,,,SW,56,12:20,7.4,71,8,WSW,24,1014.3,13.2,38,8,WSW,26,1015.1
,2018-08-3,6.8,16.6,0,,,W,61,18:06,10.8,79,8,WNW,19,1016.6,16.0,52,8,WNW,28,1012.7
,2018-08-4,8.9,14.4,6.4,,,W,54,15:10,9.2,90,8,WSW,20,1008.8,12.2,63,7,SW,28,1007.8
,2018-08-5,4.8,13.3,0.8,,,WSW,54,03:35,6.9,70,4,SW,28,1020.0,12.5,39,1,SW,22,1019.6
,2018-08-6,2.8,14.7,0.2,,,SW,30,08:52,8.3,72,,SW,19,1025.7,14.4,45,4,WSW,11,1022.5
,2018-08-7,4.4,17.9,0,,,W,43,09:29,10.2,83,8,W,24,1021.3,17.8,44,,W,19,1018.6
,2018-08-8,4.6,20.3,0,,,NW,43,12:53,12.5,69,4,NW,7,1020.4,20.0,38,5,NNW,26,1014.1
,2018-08-9,9.1,18.2,0,,,SW,70,13:08,15.4,62,,NW,30,1008.1,11.5,69,8,WNW,20,1008.5
,2018-08-10,3.6,13.9,1.8,,,SW,37,08:15,6.9,72,,SW,26,1023.0,13.1,35,3,WSW,17,1022.3
,2018-08-11,0.8,14.8,0.2,,,SSW,22,09:00,7.8,71,,SSW,13,1030.8,14.5,46,4,NNE,9,1027.8
,2018-08-12,3.5,19.3,0,,,N,35,10:18,11.9,51,,N,20,1030.6,18.7,30,,N,15,1026.5
,2018-08-13,6.8,23.6,0,,,NNW,44,10:21,14.5,39,,N,22,1025.4,22.8,18,,NNW,24,1019.7
,2018-08-14,8.5,24.6,0,,,NW,44,12:19,15.5,29,,WNW,15,1018.6,20.2,44,7,WSW,26,1016.4
,2018-08-15,6.6,17.6,0.4,,,SSW,30,00:24,11.2,71,,S,17,1023.5,17.1,37,,SSW,17,1020.0
,2018-08-16,2.8,18.7,0.2,,,WNW,26,14:26,10.7,59,,S,9,1022.4,18.1,32,,WNW,11,1017.4
,2018-08-17,5.7,17.1,0,,,SSW,35,08:34,11.6,74,,SSW,19,1021.1,15.9,44,,SW,20,1020.4
,2018-08-18,2.6,16.9,0,,,E,30,09:02,10.0,58,,ESE,20,1029.4,16.3,34,,NE,6,1025.8
,2018-08-19,6.4,20.5,0,,,NNE,37,09:14,12.1,47,,NE,20,1029.1,19.9,25,,NNE,11,1024.8
,2018-08-20,8.1,25.5,0,,,NNE,37,08:08,15.6,33,,N,22,1023.3,25.1,14,,NNE,11,1018.1
,2018-08-21,11.9,24.4,0,,,WSW,50,23:15,17.9,21,7,NNW,9,1013.6,22.2,33,2,WNW,28,1009.4
,2018-08-22,7.4,15.4,0.2,,,SSW,52,10:28,9.8,59,1,SW,33,1019.3,13.8,33,4,SW,30,1019.4
,2018-08-23,4.2,16.7,0.6,,,S,35,10:46,9.2,79,8,SSW,20,1027.1,16.3,48,7,S,19,1025.1
,2018-08-24,5.0,17.3,0,,,ESE,30,08:43,9.7,73,7,SE,13,1029.0,16.6,43,,NE,13,1024.4
,2018-08-25,5.2,20.0,0,,,N,24,12:54,13.2,65,,NE,11,1024.2,19.0,31,,E,9,1019.6
,2018-08-26,7.1,22.0,0,,,NE,30,14:37,15.1,49,,NNE,15,1022.3,21.6,25,,NE,13,1017.7
,2018-08-27,10.6,26.5,0,,,NNW,44,13:45,16.3,39,,NNE,22,1017.3,25.6,14,,NW,22,1011.6
,2018-08-28,6.4,23.3,0,,,NNW,46,11:08,17.0,43,,NNW,13,1010.7,22.6,28,5,NNW,22,1004.6
,2018-08-29,7.6,,6.0,,,,,,10.9,76,2,NNW,26,1001.0,,,,,,
